9.903489
3.999045
3.1272538
2.8859515
2.6783457
2.5226212
2.5705209
2.338375
2.2326605
2.2170205
2.4905467
2.1398914
2.1892989
2.2453973
2.0695622
2.14423
2.31149
2.228161
2.054487
2.1633565
2.0667431
2.0403419
1.9961759
2.1401668
2.0364594
2.0975554
2.0471852
2.0829341
1.9549896
2.057901
1.9587827
1.9591175
1.9439561
1.9788688
1.9988043
1.9979533
1.9601092
1.9674016
2.1352472
2.0045626
1.9547193
1.8383079
1.9759002
1.9993097
1.9831376
1.8793246
1.9557735
1.9279469
2.03725
1.9039811
2.0220451
1.8314039
1.8481718
1.8493756
1.9731845
1.839772
1.955552
1.8971063
1.9242989
1.7647306
1.8172787
1.8903663
1.9155205
1.8388691
1.8095553
1.7980553
1.822979
1.9585029
1.9702258
1.7627451
1.9222752
1.7413108
1.9572517
1.9373773
1.9050936
1.9017206
1.8892672
1.6976681
1.8991736
1.7743881
1.8117554
1.9738319
1.8859773
1.755577
1.6714492
1.8065226
1.7026702
1.8829806
1.7827479
1.7971784
1.7551098
1.7976775
1.866142
1.7921262
1.7672578
1.7238551
1.6961842
1.7800331
1.9390101
1.8529772
1.7870088
1.9032129
1.7803136
1.8181133
1.6947504
1.8066076
1.7144763
1.8566604
1.7681129
1.7411888
1.8991258
1.7224889
1.9843786
1.8302081
1.7223849
1.9145341
1.7819898
1.7356027
1.8314024
1.7168124
1.6394601
1.8751557
1.6070638
1.739519
1.7239261
1.5898458
1.7963898
1.7788593
1.8764135
1.7326891
1.7080141
1.6555849
1.7238243
1.6728975
1.8202394
1.838792
1.7881846
1.8993831
1.7127889
1.8805882
1.6572245
4.898564
1.9403702
1.9418881
1.7685827
1.7948002
1.817331
1.8490982
1.7239846
1.8423827
1.7589462
1.8049518
1.7208183
1.7651443
1.8588568
1.7947167
1.8646139
1.9871917
1.7270293
1.730581
1.7256652
1.6397693
1.5777792
1.7650144
1.8414209
1.7696172
1.7155759
1.7541504
1.7919437
1.7594358
1.8872654
1.9051888
1.7894715
1.7654473
1.7055103
1.746759
1.9720905
1.7827116
1.7993392
1.579579
1.757038
1.5703956
1.655619
1.7799884
1.7585865
1.6630101
1.8583037
1.6833488
1.8423276
1.7381128
1.6355747
1.5793483
1.850613
1.7769456
1.7291055
1.8879052
1.7269256
1.7260956
1.6728393
1.7676046
1.8201326
1.8234065
1.9257276
1.7646072
1.6531003
1.7667024
1.7358481
1.7463074
1.6544431
1.6878108
1.6953232
1.8503057
1.6905053
1.7927243
1.6516055
1.8038391
1.7074234
1.6502968
1.7096922
1.7133645
1.7499093
1.762268
1.8607252
1.6632167
1.5241497
1.7974116
1.8410861
1.759248
1.7382563
1.7094891
1.6269752
1.7952467
1.7937088
1.7500817
1.7136403
1.7059823
1.6739565
1.5549334
1.6200863
1.6150067
1.7253071
1.5842868
1.5918349
1.699907
1.7819293
1.6727415
1.7155113
1.6169885
1.7350752
1.6098837
1.6520326
1.725846
1.65331
1.634222
1.6888957
1.6736952
1.7483526
1.6202914
1.687465
1.51034
1.732
1.5671185
1.5937546
1.7487887
1.7748201
1.9041268
1.6435416
1.7314172
1.6375719
1.6488073
1.5839907
1.8407642
1.8399692
1.826858
1.7287693
1.6447943
1.7739923
1.682507
1.7271276
1.6352814
1.6736741
1.6976573
2.919442
1.6917019
1.647966
1.7067089
1.8112533
1.6252992
1.7411975
1.6667196
1.6972984
1.7232183
1.7274277
1.7623619
1.733982
1.7719917
1.5980275
1.7263484
1.7250347
1.7348946
1.6338302
1.4830534
1.6794151
1.7276797
1.6507933
1.6489722
1.8202631
1.6161364
1.5911357
1.6122297
1.6967285
1.6902497
1.6718787
1.6065434
1.5807784
1.6817554
1.7079155
1.5687839
1.6412269
1.5713115
1.687001
1.8188701
1.6864707
1.6179172
1.7803646
1.614072
1.6728995
1.5320536
1.7281375
1.7189174
1.7039566
1.6773562
1.6421094
1.707745
1.70122
1.8204101
1.6353375
1.6780497
1.6632786
1.8120757
1.6307511
1.6406015
1.6320959
1.66406
1.6895766
1.6614915
1.6206781
1.7450948
1.6051809
1.6561295
1.6510776
1.6945271
1.6253735
1.5707666
1.6507095
1.7543988
1.6626834
1.6758434
1.6705168
1.6911961
1.5999801
1.5319476
1.6413096
1.6186916
1.5960919
1.6683873
1.6241553
1.8027042
1.6430142
1.7888616
1.7209222
1.6310459
1.6965829
1.7254357
1.5658919
1.5899823
1.5805598
1.744455
1.7743843
1.6382874
1.6991074
1.6872368
1.7524356
1.7780927
1.520264
1.6569259
1.6260041
1.5994408
1.6896087
1.7820213
1.5939618
1.6548564
1.5758021
1.6510661
1.6724023
1.5265836
1.6190724
1.6625887
1.4943054
1.7258346
1.6265519
1.7350138
1.5807719
1.7494744
1.6669312
1.6796043
1.6411952
1.6188256
1.643336
1.5943723
1.6730164
1.710981
1.596664
1.6295532
1.6687584
1.5901855
1.6402305
1.6158059
1.6310025
1.6690227
1.7182556
1.6507417
1.5914761
2.353618
1.5420864
1.6768336
1.6460624
1.6171924
1.7176728
1.6720177
1.7023376
1.6662179
1.5456108
1.5913538
1.5688285
1.635151
1.6403338
1.6754155
1.5711963
1.6147647
1.6020044
1.6658038
1.8355874
1.609548
1.6290911
1.6539668
1.6837904
1.8450993
1.7433506
1.5875562
1.7920051
1.7570184
1.6465775
1.6675198
1.6171674
1.572832
1.5531663
1.4650635
1.7229314
1.5735253
1.693529
1.6564094
1.5760238
1.6942849
1.6475296
1.6721282
1.5909085
1.7396219
1.7034265
1.5979913
1.7219052
1.6307548
1.5812795
1.5474194
1.563158
1.7089856
1.602223
1.548204
1.67199
1.6982602
1.7349474
1.6232666
1.5980514
1.6325412
1.6845621
1.7060438
1.675778
1.5902606
1.6837286
1.5983206
1.7964343
1.7402208
1.6298376
1.6321583
1.6778394
1.8505704
1.5967886
1.5917611
1.7664608
1.724354
1.6547879
1.591092
1.6706809
1.6087312
1.7304218
1.6322211
1.5835241
1.6059299
1.7189698
1.6428946
1.6119183
1.7068614
1.6926976
1.6089917
1.688568
1.6897137
1.6449789
1.6479032
1.5981432
1.7330661
1.6011134
1.5836914
1.5135763
1.5995407
1.5036846
1.6564614
1.6774336
1.6381053
1.6902833
1.7264037
1.5884963
1.6883899
1.6079543
1.62439
1.6021538
1.7377975
1.6923469
1.5649202
1.6620644
1.6670684
1.7066206
1.5166852
1.638095
1.6083548
1.6977706
1.6035787
1.5503426
1.618191
1.5223348
1.631118
1.6644424
1.4857292
1.5645041
1.5913013
1.6366122
1.7023118
1.6443741
1.6998245
1.6790427
1.6101336
1.6172394
1.5694349
1.6393933
1.7027844
2.1611505
1.4869481
1.6145564
1.5666717
1.6304581
1.4895177
1.6934525
1.5869992
1.6984336
1.5701038
1.6635705
1.7375662
1.7169912
1.5989233
1.587856
1.5772947
1.6983236
1.5266533
1.706571
1.7403054
1.6230123
1.6636642
1.6214015
1.662909
1.7872376
1.5625838
1.5987645
1.5541046
1.6712787
1.6229813
1.5823814
1.6375885
1.5626425
1.7383093
1.5477291
1.6405941
1.6009275
1.7408984
1.7606986
1.6342356
1.5803427
1.5741801
1.7182418
1.5831316
1.6004863
1.564367
1.6488991
1.730782
1.6669112
1.5397314
1.6095625
1.5841116
1.7514381
1.463089
1.6648744
1.6789063
1.6290883
1.6903862
1.6671065
1.6844088
1.5585169
1.6415154
1.5531964
1.7172862
1.61571
1.7514961
1.6407977
1.6313443
1.6578298
1.6951119
1.6699868
1.5940819
1.6422414
1.6770673
1.6004653
1.6654488
1.6258965
1.6393903
1.6249005
1.542859
1.5776473
1.6097107
1.6338233
1.626871
1.5565411
1.5696065
1.6964626
1.5381113
1.5282983
1.6154703
1.628161
1.8122323
1.6412789
1.5243107
1.4929065
1.6305852
1.4564284
1.720544
1.7368485
1.6925908
1.6652006
1.6041234
1.6789594
1.5477201
1.5827698
1.5451182
1.709107
1.6892179
1.6311182
1.6586871
1.647793
1.6249803
1.6785922
1.6602646
1.6366364
1.6032437
1.685287
1.5811535
1.6273614
1.5968604
1.6540141
1.6374269
1.6905533
1.6923333
1.6007192
1.5310608
1.5017085
1.6699717
1.5781635
1.5240538
1.6944344
1.6988527
1.5330023
1.5921848
1.5136306
1.5737575
1.5961747
1.5606692
1.7439713
1.5107614
1.674114
2.0413706
1.5766245
1.6465058
1.5476475
1.5052567
1.6584775
1.5848801
1.657329
1.5884937
1.5398935
1.6549683
1.7034696
1.5869125
1.5972073
1.588738
1.560345
1.5680124
1.526115
1.6317462
1.6682211
1.770738
1.6698369
1.6370367
1.5938411
1.6030176
1.63754
1.6208937
1.5772426
1.791759
1.7054821
1.6451862
1.586489
1.6204718
1.5822368
1.7395384
1.5423565
1.5950524
1.5710247
1.4895129
1.7442993
1.6297468
1.5465198
1.577345
1.6718214
1.8159558
1.6043022
1.6150265
1.8214029
1.6351998
1.5481349
1.5470581
1.5496964
1.6826426
1.8864913
1.6025172
1.6008023
1.6365623
1.4893737
1.6373876
1.5900893
1.6048527
1.6809945
1.5909513
1.62664
1.6560696
1.5121974
1.6077218
1.7608418
1.695131
1.6320237
1.5801419
1.5851771
1.4286234
1.6350061
1.7588818
1.6000896
1.5357187
1.7176574
1.5848354
1.654243
1.6044636
1.5597626
1.6566854
1.5216762
1.4865177
1.6806983
1.6178777
1.6553748
1.7210639
1.5007137
1.5640075
1.6607932
1.7217246
1.5705832
1.7027725
1.6882095
1.6454201
1.7318779
1.6154957
1.7419162
1.4487743
1.6413695
1.5835925
1.536629
1.5236161
1.774511
1.5894818
1.508905
1.6956351
1.582325
1.6184942
1.5775534
1.7085711
1.626681
1.5709842
1.6861666
1.6202289
1.6244222
1.7302444
1.7296035
1.4987295
1.6709884
1.5530083
1.6561824
1.6227258
1.6676984
1.593075
1.6891136
1.5982518
1.5575143
1.5505134
1.5527418
1.6236463
1.6874942
1.6139947
1.6016331
1.5176773
1.6186739
1.7958013
1.5687922
1.5938374
1.9584824
1.5489624
1.6019772
1.682497
1.6186502
1.5352814
1.5134182
1.6473987
1.6455715
1.6240208
1.5407475
1.6001437
1.7095703
1.6601691
1.7570641
1.7911664
1.5455139
1.6425923
1.5092167
1.6759759
1.5848751
1.667432
1.7920372
1.5901544
1.6022826
1.828508
1.7283618
1.7549539
1.7015908
1.5664599
1.4917728
1.6027983
1.4607675
1.6918378
1.5817378
1.6574229
1.6275781
1.6483572
1.6304643
1.6493813
1.6610297
1.7399906
1.5238918
1.6823825
1.5040258
1.7373041
1.7066491
1.6521949
1.6906158
1.6934177
1.6658791
1.6118457
1.6224362
1.6364009
1.6203239
1.6379796
1.7271903
1.609076
1.5938622
1.635075
1.6309149
1.5048646
1.7919228
1.7456063
1.6865369
1.7577313
1.7434614
1.5304209
1.5007782
1.5964593
1.5977529
1.5537583
1.6145861
1.5466748
1.5230572
1.6416057
1.6459816
1.634641
1.7027302
1.6543443
1.7817355
1.6447933
1.7101697
1.6005058
1.5735905
1.6227353
1.6380842
1.5059038
1.5396141
1.7982571
1.6562244
1.6063192
1.7812604
1.6403064
1.7317363
1.6204107
1.7300041
1.6290936
1.6901987
1.4612783
1.6048759
1.6337682
1.5772544
1.523137
1.6877602
1.6152369
1.7088138
1.5731556
1.5614768
1.646698
1.7042611
1.6214504
1.650901
1.5508236
1.48271
1.6241392
1.6928685
1.5588206
1.6391265
1.7211953
1.6844964
1.6578306
1.5945907
1.6794761
1.6370587
1.5680122
1.6049981
1.7728705
1.5377481
1.6689265
1.5550059
1.7381324
1.6415361
1.4698099
1.6274776
1.652311
1.6355133
1.5474452
1.544168
1.6481217
1.5996336
1.8944333
1.5869715
1.7728237
1.5680232
1.631134
1.636664
1.7275313
1.5828152
1.5535495
1.4966506
1.5166978
1.6036317
1.6792039
1.5462956
1.6425319
1.6970215
1.669045
1.6590525
1.7234954
1.6420474
1.6050372
1.6825063
1.5980933
1.6217991
1.656096
1.6042377
1.7600077
1.6591698
1.6456618
1.502067
1.6209515
1.6448472
1.6470447
1.603923
1.5775205
1.4938797
1.6035101
1.5942434
1.620833
1.6815606
1.7076939
1.5309216
1.5383514
1.6180042
1.6956291
1.5146846
1.6325727
1.5479131
1.6078817
1.7019373
1.6266185
1.634639
1.7672727
1.5054566
1.5069306
1.4888955
1.5637631
1.6687332
1.627018
1.7091967
1.6486269
1.575434
1.6258912
1.6020756
1.76691
1.5893964
1.6601721
1.6106235
1.4544225
1.7324733
1.6158655
1.5510602
1.6649741
1.5661827
1.6251422
1.592804
1.6728776
1.6556785
1.5498856
1.6097332
1.5192378
1.5944656
1.841645
1.6168882
1.5855522
1.5518365
1.665141
1.7511958
1.6607193
1.6457984
1.7433983
1.5494728
1.5836093
1.6067263
1.6807594
1.5445045
1.6400464
1.4974915
1.4122423
1.6279979
1.6025225
1.5954931
1.6046346
1.6562482
1.5691464
1.6535103
1.7590462
1.5459888
1.6884414
1.633768
1.5669231
1.6177063
1.5072799
1.4327847
1.6441491
1.557358
1.5159942
1.7310804
1.7534901
1.626199
1.6092156
1.4805338
1.6600934
1.6021352
1.5743791
1.7752253
1.5846673
1.6232141
1.5088177
1.6118152
1.5685425
1.656236
1.4416181
1.658375
1.579277
1.6471314
1.6163052
1.6064256
1.4964871
1.6194757
1.5391808
1.8110975
1.6075178
1.7084012
1.6588893
1.6677539
1.5654655
1.5980885
1.6432365
1.5701637
1.6948489
1.5420638
1.6009306
1.5527267
1.5967668
1.6169723
1.6784638
1.626443
1.5179657
1.5410578
1.590206
1.6521422
1.7483284
1.656033
1.5382718
1.5867034
1.6751541
1.6539253
1.688352
1.6542222
1.6072681
1.5835826
1.6763492
1.6402122
1.6674159
1.6720356
1.621611
1.642172
1.553814
1.6910205
1.5130074
1.6819874
1.7540694
1.6466786
1.7352186
1.7003554
1.6553494
1.6956309
1.6783898
1.5897218
1.6438711
1.5407703
1.601894
1.5503172
1.4921099
1.5337688
1.594767
1.5225867
1.63413
1.5586126
1.6144844
1.5267502
1.6019961
1.6938251
1.7245891
1.7174358
1.5902839
1.6518124
1.6385635
1.5484141
1.5914315
1.5854154
1.6900444
1.7793058
1.4856671
1.6383929
1.5820355
1.7918899
1.5241275
1.6534078
1.6348339
1.6745504
1.6222478
1.4853958
1.6703477
1.5563186
1.720485
1.5819037
1.696386
1.5319595
1.6887715
1.7083821
1.6663852
1.7078537
1.6004081
1.6068957
1.617921
1.6276934
1.7356805
1.6166573
1.5311671
1.5831398
1.4773109
1.6225975
1.6630034
1.9780885
1.6767159
1.6132523
1.7192762
1.7687728
1.6513985
1.5801002
1.7056891
1.516449
1.6248885
1.7326314
1.6524341
1.5209857
1.5817695
1.474344
1.5469075
1.7035773
1.4836882
1.6294986
1.5698622
1.65266
1.6019748
1.6583163
1.6725258
1.6265537
1.5216041
1.4959234
1.5920488
1.5356519
1.665069
1.5293804
1.5288373
1.6837399
1.775925
1.6051353
1.5880414
1.7669319
1.9417682
1.5497038
1.649695
1.5160831
1.4647231
1.6402675
1.6532024
1.4458443
1.4825805
1.5723032
1.7168776
1.7649798
1.5831548
1.561746
1.5955018
1.5460255
1.4792138
1.7200274
1.6083199
1.5152133
1.5608891
1.6706316
1.5611323
1.6677848
1.6015928
1.5078849
1.5610155
1.7515584
1.6811427
1.6609399
1.6389308
1.5335767
1.5158936
1.473693
1.5547625
1.6608199
1.5113212
1.579959
1.5909723
1.6195853
1.7946784
1.7522136
1.6206118
1.6021707
1.638396
1.61438
1.6831119
1.63516
1.5727481
1.6511962
1.6404252
1.5724158
1.6531812
1.6295632
1.7108296
1.5286301
1.6523418
1.6309007
1.5282775
1.6108738
1.6169207
1.5921266
1.7391038
1.6252303
1.7441003
1.6937016
1.5607915
1.6662095
1.5558025
1.4491417
1.7183648
1.6057677
1.7234864
1.6403629
1.5563592
1.4925456
1.6736599
1.62155
1.6670265
1.6305536
1.7757438
1.6257414
1.6446235
1.6661794
1.6387849
1.5023624
1.6218165
1.6881201
1.5152
1.6802722
1.5914932
1.6797459
1.6288947
1.5118442
1.549191
1.5826784
1.7103782
1.6961426
1.5550575
1.5894606
1.5938532
1.4261409
1.4880385
1.6225554
1.6470698
1.6126361
1.5834653
1.6759785
1.5939957
1.5756589
1.6112994
1.6208848
1.6655784
1.7774417
1.7217711
1.6434325
1.6281048
1.736127
1.7075659
1.6769412
1.6331261
1.6197263
1.6178705
1.648169
1.5335675
1.7430559
1.6693771
1.6177771
1.6797818
1.6996824
1.5985452
1.6238321
1.4028033
1.4583783
1.7915038
1.674253
1.5596601
1.5135701
1.7108207
1.5585672
1.535792
2.0540888
1.5471208
1.620775
1.6221824
1.667216
1.6854713
1.5931255
1.6494266
1.6743437
1.507419
1.6680443
1.7092972
1.5619406
1.6681631
1.5939599
1.6651222
1.5171468
1.6640867
1.7764333
1.6346745
1.7319409
1.6559589
1.6170824
1.6250796
1.6758541
1.6749948
1.5377269
1.6042176
1.5929897
1.6674572
1.5207387
1.6723521
1.574429
1.6305448
1.5881546
1.6310958
1.5090057
1.6704717
1.6301652
1.7291507
1.6379249
1.6401482
1.6963011
1.6416962
1.6396699
1.5864997
1.662126
1.458074
1.6438789
1.6793274
1.7613624
1.7187183
1.7894013
1.5690099
1.6061085
1.632075
1.6337905
1.6130258
1.518299
1.4887052
1.6583861
1.7163864
1.5932825
1.6513726
1.6967964
1.605256
1.5810544
1.6418189
1.6977493
1.5998857
1.6008153
1.6208153
1.6025709
1.6650578
1.6594923
1.5673821
1.6725657
1.5526063
1.6014194
1.5900128
1.5431324
1.5740473
1.5762843
1.5676434
1.534019
1.6124328
1.6152651
1.6987764
1.6282754
1.5955365
1.5905576
1.5978203
1.4557632
1.7293345
1.6472492
1.6652888
1.647307
1.5972277
1.5199778
1.5978187
1.7386335
1.4919544
1.50589
1.6218677
1.6167198
1.6657131
1.5495306
1.6806858
1.3933235
1.6627522
1.6071458
1.5859667
1.6303967
1.5651902
1.6466415
1.6953775
1.6196754
1.6083591
1.5432096
1.5894969
1.5521227
1.6329676
1.7367187
1.4593672
1.7247366
1.5967046
1.5750909
1.5729479
1.7220349
1.7484205
1.7303814
1.6615145
1.748932
1.5932842
1.5934223
1.5456501
1.5549489
1.5668565
1.6259923
1.5988895
1.6992314
1.9956932
1.4617144
1.5360259
1.5212585
1.8043545
1.5643512
1.5402977
1.5099628
1.694412
1.6731608
1.6379949
1.4956173
1.7332848
1.6520864
1.6557907
1.5231763
1.5111904
1.6026447
1.5260468
1.638684
1.5073193
1.631679
1.6249133
1.6870637
1.4237574
1.6182895
1.5429856
1.567343
1.6033821
1.5917497
1.6122963
1.5896974
1.5504252
1.5538299
1.5824591
1.6280323
1.6111695
1.6536391
1.5465609
1.5477636
1.6394429
1.6929774
1.6616398
1.5319841
1.6542981
1.4952403
1.5586442
1.547262
1.5193933
1.6659783
1.5479337
1.4741428
1.4464346
1.643838
1.7345866
1.5301805
1.4995339
1.6987866
1.7406482
1.5202334
1.6982747
1.7278885
1.5912215
1.6159167
1.7453505
1.608618
1.714052
1.7606121
1.5000985
1.6508874
1.5617564
1.7245926
1.5218788
1.6755779
1.6380589
1.6072096
1.6662967
1.7159727
1.6273664
1.6486155
1.6913736
1.6174769
1.636296
1.7222044
1.4540231
1.6597823
1.671456
1.5903529
1.6681831
1.844981
1.6171069
1.5074615
1.5711654
1.4780501
1.6350948
1.5661676
1.713078
1.5677172
1.6733222
1.6488229
1.7589744
1.7247341
1.7284551
1.6913517
1.5150077
1.6934624
1.744526
1.7586589
1.4136558
1.441906
1.6573142
1.7434028
1.6671842
1.4789385
1.6171768
1.6347382
1.6049156
1.5501084
1.6636736
1.6638356
1.6406827
1.6680359
1.4568095
1.6037688
1.7580675
1.7289437
1.7224551
1.7336065
1.619747
1.5434575
1.5691766
1.5577985
1.636184
1.7696948
1.6051639
1.7040721
1.7704697
1.7052768
1.6817781
1.5812441
1.5206536
2.060634
1.6771125
1.6938317
1.5257806
1.6294467
1.5871593
1.618201
1.5810448
1.760797
1.6183904
1.5639514
1.6736833
1.6557335
1.7349612
1.6906179
1.5915803
1.5596086
1.7239162
1.4642133
1.6274766
1.4997659
1.6856569
1.5669347
1.5254538
1.4323481
1.7090377
1.5091742
1.685304
1.5730531
1.545118
1.5731772
1.4969686
1.5558898
1.563815
1.5757998
1.6736183
1.6390796
1.6089798
1.7671448
1.4687668
1.6433969
1.6567693
1.6405457
1.5344096
1.7567955
1.5483505
1.6391034
1.5544512
1.5166854
1.5163684
1.5028011
1.6904086
1.7048593
1.6089153
1.7463506
1.6686039
1.5652751
1.5917953
1.511458
1.5735269
1.5306866
1.6369395
1.6109428
1.5982902
1.5423577
1.8271825
1.6307731
1.5902259
1.6065488
1.7058225
1.5719765
1.6106186
1.6644559
1.5830656
1.6456088
1.6451478
1.7168449
1.5197841
1.5734817
1.6731721
1.6118495
1.6487433
1.5620265
1.6049098
1.5696447
1.7136581
1.740582
1.5790062
1.7360739
1.5919918
1.5872167
1.7781751
1.6702391
1.6665783
1.5599446
1.6435069
1.527201
1.6821055
1.6564878
1.6126124
1.4469855
1.6665586
1.5761579
1.6257052
1.5555568
1.558945
1.5956863
1.611539
1.7897185
1.5274237
1.7330704
1.6384273
1.6655908
1.6941142
1.6702203
1.593176
1.6070635
1.660128
1.5110546
1.585662
1.6331594
1.6662954
1.7102522
1.6498675
1.511656
1.5930759
1.5376376
1.73449
1.5643375
1.6873723
1.7310959
1.6244624
1.4528106
1.53669
1.6494013
1.6205124
1.5934253
1.7117965
1.6521239
1.6380379
1.7153071
2.0333667
1.495051
1.5668633
1.7061733
1.6522179
1.6899539
1.545103
1.6592268
1.726783
1.6758314
1.5417806
1.5507418
1.5436699
1.6472745
1.7034022
1.5671378
1.5893685
1.5307457
1.6166035
1.5368911
1.5167763
1.7040343
1.6542408
1.606118
1.596476
1.3977262
1.6731442
1.5703483
1.6971301
1.6065669
1.5251051
1.648956
1.5555855
1.5904835
1.6636207
1.6585795
1.6666619
1.5671724
1.6133739
1.6921927
1.6292999
1.5482843
1.6649462
1.6621841
1.6797284
1.5871751
1.5116597
1.5882145
1.6847492
1.5934087
1.550503
1.7947841
1.5027145
1.6418442
1.6625202
1.5884964
1.5183107
1.5413336
1.6379356
1.6213795
1.5978755
1.5734452
1.5797042
1.6345016
1.4933019
1.7784083
1.6236836
1.5489984
1.8061539
1.6380954
1.4519902
1.5552899
1.5703015
1.5667961
1.7116591
1.6353059
1.7050904
1.4277421
1.6874394
1.6125617
1.5899098
1.6281575
1.6406777
1.5956502
1.6787733
1.4789773
1.7351735
1.5673769
1.6101528
1.4345919
1.7204089
1.6632017
1.608966
1.6139405
1.623729
1.5792042
1.5136719
1.5222691
1.6389049
1.5876167
1.6453176
1.7423011
1.634933
1.7474071
1.5580844
1.6302829
1.5996596
1.7085277
1.5464767
1.5636159
1.6559345
1.5907177
1.5026021
1.5063779
1.6578492
1.6501902
1.6290145
1.5374078
1.6841723
1.6608421
1.569206
1.7085627
1.5762961
1.657771
1.6141734
1.7235609
1.723316
1.6496838
1.7087743
1.5918801
1.5347288
1.67997
1.5690353
1.5472628
1.5779793
1.7152056
1.5926316
1.6607335
1.6533313
1.6425261
1.6576045
2.009308
1.7696607
1.6029962
1.6181867
1.6165336
1.5544388
1.5473634
1.5460553
1.7520107
1.688192
1.6960332
1.659981
1.7344933
1.6686321
1.6063428
1.6050397
1.6700603
1.5823098
1.731176
1.7769916
1.5385929
1.7055835
1.6199852
1.6370552
1.7039989
1.5432911
1.7435863
1.5666766
1.6580907
1.72741
1.6684178
1.4790814
1.5809591
1.5659223
1.6786339
1.6705861
1.6100901
1.6250832
1.6612655
1.4214387
1.7045822
1.6594851
1.6813109
1.5726262
1.5938381
1.611424
1.5547919
1.6846751
1.7617209
1.7007675
1.6665989
1.6562482
1.6777898
1.6791444
1.4033788
1.5021628
1.6889374
1.639449
1.7599833
1.606177
1.5982724
1.5797057
1.6057123
1.6055351
1.619548
1.6072056
1.7589537
1.5472127
1.6195685
1.648349
1.6901054
1.6990706
1.6290395
1.4877416
1.4737656
1.7442101
1.6374491
1.6412841
1.6220003
1.6770227
1.6041791
1.6220335
1.6402041
1.6386539
1.74627
1.5437934
1.6476067
1.4972117
1.6256715
1.5066632
1.6019577
1.6276839
1.6086159
1.487382
1.5200523
1.603028
1.5053226
1.6815801
1.5621525
1.5429233
1.6818236
1.7213486
1.6380277
1.6975591
1.7363394
1.7008013
1.7096037
1.6538113
1.7808789
1.711662
1.6243346
1.6756415
1.4749017
1.6674994
1.5500809
1.5765159
1.7253249
1.6950028
1.6331004
1.7521626
1.6773458
1.6315509
1.5349743
1.6412162
1.7168725
1.6341107
1.5164027
1.5745542
1.6428826
1.4729816
1.6699193
1.5111313
1.702919
1.7147003
1.8091853
1.726381
1.7453984
1.4979175
1.5970155
1.5193106
1.5760676
1.9340502
1.6544844
1.7454548
1.6610177
1.6894338
1.5952034
1.5402647
1.5708752
1.6186765
1.7676553
1.7124295
1.3746839
1.8358722
1.6433471
1.6669222
1.6029112
1.6075127
1.5950944
1.4801229
1.3806294
1.5547794
1.5551972
1.6879685
1.7368853
1.6316558
1.7424525
1.5897326
1.5907351
1.6417018
1.642083
1.6870743
1.7078977
1.6370881
1.6258181
1.5181999
1.7745513
1.6305362
1.6014384
1.6113704
1.6167582
1.6675388
1.7640961
1.6997225
1.7712929
1.7107142
1.6350529
1.74554
1.6082195
1.705239
1.6103007
1.76378
1.6268362
1.5455076
1.5613068
1.5862579
1.5365368
1.6494426
1.5674541
1.5380569
1.7228695
1.5430102
1.6731111
1.5849388
1.6195228
1.6081191
1.7297556
1.5966613
1.6554916
1.5908359
1.773398
1.7193377
1.5354851
1.6327976
1.5323673
1.6641783
1.5672051
1.6859423
1.5356666
1.576592
1.6507685
1.6700628
1.5799809
1.5647699
1.6356049
1.6222434
1.7465314
1.525675
1.5574709
1.6344198
1.5307918
1.6312459
1.573414
1.6317302
1.5580745
1.6001472
1.7612752
1.7463778
1.6773304
1.5166172
1.5165787
1.6720145
1.6182551
1.6337804
1.6661235
1.5683049
1.7012451
1.65935
1.6179855
1.7100407
1.6422899
1.6327375
1.5551783
1.687325
1.5952936
1.7068441
1.5080047
1.6819056
1.5746624
1.6851331
1.6452461
1.5007821
1.7204067
1.609726
1.5951687
1.6211742
1.6045834
1.5872458
1.5719012
1.6216477
1.5722976
1.6447254
1.4645737
1.5436109
1.5865275
1.6019477
1.5571731
1.6487689
1.6167079
1.6009262
1.5506251
1.4852988
2.2094407
1.560181
1.5410942
1.6363788
1.5091211
1.7219423
1.6161069
1.671778
1.7374389
1.5654672
1.6963712
1.6915241
1.516091
1.6313266
1.6936044
1.6176927
1.6009744
1.6357644
1.6273662
1.5444005
1.5142432
1.6259598
1.5286678
1.6195754
1.6592704
1.6529523
1.5412616
1.751886
1.6230886
1.5480208
1.6365179
1.5470996
1.6602832
1.5689781
1.5878022
1.5717771
1.5864241
1.6661557
1.6141793
1.6767257
1.5387442
1.6015028
1.7621685
1.5928866
1.716761
1.6242956
1.6758856
1.5470393
1.6005096
1.72713
1.5226729
1.6549836
1.5317355
1.7425548
1.6205838
1.5465816
1.4758725
1.7140298
1.5711313
1.5540547
1.598706
1.7004724
1.5903263
1.5222453
1.608102
1.7038281
1.7062149
1.6305535
1.5149363
1.6354527
1.604649
1.6247917
1.5584083
1.555835
1.5624664
1.686921
1.6956874
1.6656883
1.5307502
1.509514
1.7462752
1.4618708
1.5130042
1.6289196
1.687421
1.607576
1.6713945
1.5474323
1.5394312
1.5766078
1.6297003
1.5323297
1.5609623
1.596271
1.6691476
1.7256008
1.4592031
1.7168422
1.6225314
1.629673
1.5546229
1.6217208
1.6676735
1.6644241
1.6060163
1.8149107
1.5872394
1.6819878
1.4880446
1.5599945
1.6011488
1.5470662
1.6114402
1.6217703
1.4897193
1.6517967
1.6228427
1.5909675
1.812698
1.5792083
1.6247319
1.7078187
1.5509505
1.7276367
1.6037884
1.6299758
1.4890777
1.7845346
1.721815
1.6546977
1.6380941
1.658457
1.5987966
1.6420147
1.597944
1.5997975
1.5711303
1.6484426
1.5918528
1.7822554
1.6551301
2.205123
1.7159194
1.6352952
1.6875998
1.6720974
1.5170751
1.607456
1.6168574
1.8613224
1.5725449
1.5172423
1.6137052
1.4723393
1.5676458
1.5761731
1.7071769
1.6778011
1.4498303
1.679749
1.6144816
1.758367
1.607921
1.7235887
1.674446
1.7497354
1.6083902
1.7741076
1.7304513
1.5783725
1.7970065
1.6682453
1.6878377
1.5765395
1.7205684
1.5944531
1.5540302
1.514319
1.6481214
1.6890761
1.733267
1.5916349
1.7006754
1.709142
1.5804592
1.5950413
1.7017105
1.5215801
1.5817468
1.6827636
1.6370407
1.721246
1.5091339
1.754463
1.6277872
1.5628592
1.6672654
1.5782619
1.5867035
1.4834175
1.57972
1.6824532
1.6647764
1.5778087
1.6901319
1.6051198
1.7339442
1.6875359
1.574929
1.5235603
1.6313369
1.7291341
1.5666274
1.7642312
1.7069917
1.7296243
1.6905085
1.7049598
1.5848815
1.6538239
1.6265042
1.5402627
1.6729497
1.6775352
1.7275143
1.6117303
1.5608578
1.5871006
1.6916642
1.6018008
1.643963
1.7493863
1.6757677
1.5937558
1.5042809
1.646519
1.5483546
1.6192542
1.6526827
1.635802
1.6275297
1.523041
1.5034648
1.6512154
1.5127758
1.513056
1.6369594
1.722918
1.5766193
1.6104921
1.600591
1.5821683
1.514798
1.4918382
1.4981359
1.676745
1.5760033
1.6302663
1.604283
1.5777249
1.5689356
1.6504567
1.6008352
1.667671
1.5734614
1.7295698
1.6915314
1.6045345
1.5429672
1.5275935
1.5488881
1.7342446
1.5509635
1.5567539
1.7484901
1.6677747
1.6375595
1.6600584
1.6911457
1.6547786
1.6525667
1.5485798
2.242193
1.6242878
1.5540054
1.4740455
1.5585499
1.6849836
1.695526
1.6422404
1.5792484
1.6736065
1.7006615
1.6984347
1.5745152
1.5930663
1.6541044
1.6669564
1.6314341
1.669428
1.7530081
1.6637502
1.6710204
1.6094337
1.5955893
1.4956056
1.686457
1.5689461
1.4776222
1.5719615
1.83316
1.6647106
1.5641643
1.7191501
1.5386405
1.8586445
1.6729732
1.6684995
1.4835869
1.6387013
1.6266162
1.592924
1.6091493
1.5214096
1.5839982
1.5638089
1.6885015
1.4468422
1.6531565
1.7796829
1.7792112
1.5900462
1.7270623
1.4736866
1.5027757
1.6253169
1.579131
1.5646766
1.4551433
1.5985526
1.6217053
1.6299161
1.6362875
1.7111995
1.6517719
1.6976277
1.6041504
1.6473804
1.6819184
1.5766511
1.6331538
1.5360839
1.6561254
1.5499805
1.6637871
1.486126
1.858275
1.6422238
1.6988035
1.6242871
1.6471537
1.5856775
1.6508774
1.6863047
1.5646039
1.6605636
1.8458725
1.5137612
1.6262351
1.825307
1.6515222
1.5309136
1.7711812
1.7817365
1.4981496
1.5430628
2.0577164
1.6734445
1.6486944
1.6952362
1.6346308
1.6084491
1.6003144
1.5926349
1.6102493
1.5382718
1.5915796
1.530306
1.7924812
1.6493188
1.499719
1.564649
1.669754
1.7012284
1.7091957
1.6102176
1.5244011
1.5634408
1.6664605
1.6431917
1.5866297
1.6635519
1.6273664
1.5116827
1.7429718
1.7197238
1.4888366
1.6138685
1.6614184
1.6107352
1.599139
1.5976824
1.6585225
1.784978
1.5612863
1.6708024
1.6259757
1.7963061
1.5980973
1.5808351
1.4879414
1.6395017
1.571904
2.170697
1.6440604
1.7385782
1.5997859
1.4976975
1.6429874
1.7352477
1.6247312
1.5202464
1.4685155
1.6106237
1.6033561
1.6959889
1.6366146
1.6482278
1.5972713
1.490093
1.5806539
1.6644274
1.7654178
1.787156
1.790323
1.6728221
1.672605
1.6240366
1.5951296
1.6196749
1.5569557
1.5179737
1.6803277
1.5849036
1.7729065
1.5735412
1.6370338
1.6173923
1.5820575
1.5961273
1.6033714
1.7006983
1.6788094
1.6512258
1.6911168
1.5842655
1.8036866
1.7203616
1.5818694
1.5604972
1.5233935
1.6025673
1.6429248
1.7078205
1.6353599
1.6939111
1.6181544
1.464149
1.5662993
1.6017815
1.5413395
1.6473718
1.7392637
1.5460103
1.7182719
1.7287376
1.6306498
1.62943
1.5591941
1.5832094
1.7136294
1.8327779
1.718579
1.7222985
1.7317253
1.7061524
1.6973721
1.7632564
1.629173
1.7231257
1.6219031
1.5792173
1.4994967
1.5387981
1.4949651
1.6105438
1.5623635
1.6130508
1.634988
1.7780818
1.599968
1.7807254
1.5833267
1.6589296
1.6311872
1.7415242
1.509363
1.6756091
1.6484879
1.6052296
1.5916904
1.6586564
1.5710739
1.6576161
1.6402402
1.6104752
1.6505897
1.6795163
1.5256956
1.6899124
1.435712
1.649986
1.5625926
1.6769664
1.6513011
1.6160039
1.7716974
1.7879027
1.6648809
1.6177006
1.586307
1.6323638
1.5851506
1.7329458
1.5295107
1.626926
1.5409935
1.7526405
1.6930431
1.7125106
1.6290728
1.6418964
1.7225658
1.7102107
1.8087175
1.5314419
1.7396531
1.532406
1.6476611
1.6870501
1.4122022
1.710955
1.6633579
1.6696113
2.2286942
1.53763
1.5474899
1.5113074
1.5699146
1.4833367
1.6946279
1.5903744
1.5771267
1.6727195
1.6218319
1.6290143
1.63003
1.6482067
1.6656067
1.6895254
1.6284301
1.6814764
1.7335937
1.7442769
1.5975245
1.5894506
1.6424146
1.7000792
1.5737733
1.8117543
1.8121984
1.5964552
1.6855624
1.58801
1.59804
1.6819104
1.61639
1.6945626
1.523373
1.5504262
1.4981992
1.6390016
1.6135796
1.7198606
1.7514898
1.6685035
1.6542162
1.6729301
1.553018
1.4963759
1.6320738
1.6551611
1.7179241
1.6067234
1.4223989
1.6447506
1.6298529
1.7013695
1.6763953
1.6288971
1.6226748
1.6385294
1.640386
1.590904
1.5621002
1.652424
1.6009641
1.5833606
1.6273247
1.6951268
1.5893865
1.6395171
1.9532219
1.711796
1.5313038
1.5564505
1.6168263
1.7706174
1.6042842
1.6321185
1.6898937
1.5848128
1.5502906
1.4985135
1.5666164
1.74313
1.6302146
1.6321142
1.7437649
1.6791202
1.614458
1.7082095
1.688759
1.6056266
1.6381104
1.6142265
1.6391133
1.60482
1.5662476
1.5256939
1.4704112
1.540689
1.6190239
1.75973
1.6478555
1.829951
1.7402956
1.5337373
2.4099414
1.6297542
1.624474
1.6515458
1.6363149
1.6204225
1.5942248
1.4725739
1.5877131
1.6835856
1.5856521
1.5089633
1.6019835
1.6631815
1.753383
1.6403271
1.6955369
1.5399368
1.5687783
1.6699485
1.5606056
1.654937
1.7267792
1.5755212
1.6211222
1.6869526
1.4362609
1.5844944
1.6332804
1.6424204
1.6375712
1.6473687
1.4457202
1.7245318
1.6826037
1.5403368
1.5792869
2.172624
1.5882775
1.5755944
1.6282705
1.6366681
1.6779234
1.5963275
1.5953554
1.5791714
1.6235662
1.7079159
1.5728302
1.5869397
1.6823616
1.6285381
1.8209709
1.761248
1.6943303
1.6541393
1.5877358
1.6359288
1.6122775
1.5057651
1.5572412
1.501564
1.6446857
1.5854288
1.6642982
1.6766421
1.7854472
1.6899568
1.5612621
1.5126076
1.5695199
1.6515384
1.5437629
1.6455977
1.5566437
1.679266
1.5449501
1.5584886
1.7230612
1.6247417
1.6147525
1.7265022
1.5822735
1.6957955
1.6685421
1.6784295
1.5338854
1.8248866
1.5567716
1.5514071
1.6249676
1.4604617
1.6731998
1.9078786
1.6616635
1.5183676
1.5878379
1.7222612
1.6040938
1.5828785
1.6672623
1.6653268
1.65165
1.5802816
1.8080593
1.5982388
1.7719234
1.7064166
1.5767605
1.7002125
1.6150714
1.6150576
1.6893951
1.4547025
1.6497438
1.6469256
1.8213254
1.7579585
1.6024414
1.6698412
1.7332726
1.4456933
1.5915017
1.7339405
1.5908529
1.5635706
1.6175797
1.7069967
1.5765585
1.7268316
1.6060567
1.639229
1.6076217
1.7321557
1.5525647
1.6211449
1.6609879
1.8378543
1.5319122
1.70551
1.6350497
1.6304376
1.5081433
1.5398266
1.4965682
1.8795493
1.5796598
1.610444
1.6758777
1.5624244
1.7147256
1.5557897
1.5534523
1.6292357
1.5164831
1.5777848
1.6518081
1.5624601
1.6817704
1.4821402
1.6903527
1.8293816
1.7765137
1.5530071
1.7226943
1.6600522
1.4993771
1.6964757
1.4322249
1.6066347
1.6795573
1.611609
1.7870909
1.6458454
1.6796646
1.5071772
1.6439358
1.594912
2.2211301
1.5971011
1.6200632
1.7400508
1.5198977
1.6677191
1.6850417
1.6382989
1.6530831
1.551035
1.5002388
1.653983
1.5586617
1.5198681
1.7042059
1.7054456
1.5276262
1.6293303
1.5902293
1.574081
1.5962929
1.6500437
1.7183737
1.8106945
1.5861497
1.6542735
1.7031559
1.5079644
1.6556268
1.6882255
1.6713198
1.6381739
1.5699126
1.589957
1.6015896
1.6839155
1.5525819
1.6964467
1.5632603
1.6937996
1.4920235
1.6842837
1.4418241
1.802026
1.6294152
1.611334
1.7738127
1.7567813
1.6646383
1.6651149
1.508057
1.7123694
1.7109402
1.7284583
1.6632116
1.7494215
1.6266897
1.5830487
1.5513614
1.5859191
1.6446973
1.607151
1.6005245
1.5709825
1.5626845
1.7463818
1.6838341
1.6402234
1.6354247
1.7051593
1.6800023
1.7569062
1.7251632
1.4702363
1.5910095
1.7929968
1.589152
1.666122
1.7429856
1.6092377
1.6031569
1.469839
1.5775026
1.7396835
1.5675871
1.6344235
1.6690578
1.6841888
1.629533
1.5317296
1.6637936
1.6546959
1.5343188
1.7334931
1.5442969
1.6967914
1.6553065
1.6344439
1.6652157
1.6367215
1.5313216
1.6203529
1.5254322
1.6138303
1.706032
1.6080797
1.683367
1.5445597
1.6949674
1.6122916
1.6859862
1.614552
1.547179
1.7506263
1.673098
1.5357829
1.6065863
1.571154
1.6237618
1.5927984
1.6383034
1.5969981
1.6788306
1.7669052
1.544435
1.6613427
1.5945439
1.5564774
1.5131093
1.59172
1.6598752
1.6185495
1.693435
1.7240009
1.7262198
1.7329776
1.6914288
1.574877
1.5338038
1.5967327
1.5338807
2.2789114
1.5706955
1.7854818
1.6843753
1.6822487
1.590778
1.5840371
1.5756104
1.8203399
1.5160183
1.5752804
1.613504
1.7017716
1.5823348
1.657209
1.681389
1.5562986
1.6868494
1.6277161
1.5864061
1.5582464
1.5093658
1.7504973
1.6158528
1.6721832
1.7400215
1.5191863
1.6993024
1.5991179
1.6254643
1.6488749
1.6284032
1.6202973
1.5111308
1.6649417
1.7072161
1.5327396
1.7493142
1.7042663
1.7702113
1.569412
1.6376634
1.7254776
1.4952244
1.6904961
1.6076189
1.5480773
1.6319335
1.5627774
1.6466525
1.7176266
1.6651046
1.7256261
1.6069674
1.6033925
1.5558116
1.7985783
1.516981
1.7218231
1.6930575
1.7529106
1.6039025
1.6636823
1.6612588
1.5025575
1.6121265
1.6952279
1.7541373
1.5982007
1.672686
1.6147405
1.6261827
1.6671109
1.6700779
1.7158259
1.7372199
1.7658871
1.5779523
1.6260337
1.5459752
1.7833157
1.7505906
1.6845237
1.5625628
1.6198986
1.6986738
1.598064
1.6677461
1.64455
1.665457
1.6156354
1.5775679
1.6519848
1.507667
1.6753017
1.5212028
1.5830214
1.5060698
1.6250329
1.6147721
1.5426055
1.7330265
1.6483057
1.3868011
1.5971607
1.6114017
1.5864924
1.5865146
1.6724018
1.6334025
1.7743459
1.681617
1.6603767
1.5553724
1.5316675
1.6360091
1.7906301
1.6954348
1.6063832
1.6163332
1.5309632
1.658074
1.8491094
1.646155
1.6692315
1.7157542
1.6625899
1.6113203
1.5491123
1.4875546
1.6200707
1.707969
1.5130271
1.6111219
1.7533014
1.6608607
1.6015533
1.798969
1.6716908
1.6588433
1.6424387
2.2050378
1.5531667
1.6000123
1.5872856
1.7515255
1.5371333
1.6997672
1.6344615
1.5605701
1.6366525
1.6796278
1.5524883
1.6472799
1.5737361
1.5104326
1.6110865
1.7426544
1.5336876
1.6117083
1.6491573
1.5098491
1.7258812
1.50144
1.6908475
1.5561049
1.5894129
1.7668818
1.5422515
1.5803081
1.6127682
1.7009282
1.4831694
1.7263159
1.5541584
1.574981
1.7441843
1.523052
1.6206807
1.649693
1.5787086
1.5945832
1.8159988
1.4574615
1.5956395
1.6871556
1.5822046
1.5782906
1.7651504
1.5196165
1.5455663
1.4960289
1.5017502
1.6694936
1.6004413
1.6325465
1.5810927
1.529934
1.7910323
1.5517648
1.753443
1.6780894
1.6464115
1.6402137
1.6712071
1.8211118
1.6394855
1.5908538
1.9235042
1.5012578
1.6029154
1.5470661
1.552259
1.723863
1.697365
1.6067584
1.6568431
1.5724893
1.6205437
1.6713631
1.7363919
1.389286
1.6870672
1.7207952
1.6226685
1.6857369
1.6653748
1.5780909
1.5624015
1.5286969
1.705248
1.6354512
1.5539911
1.8084538
1.5929024
1.6362376
1.6816124
1.6066556
1.7708417
1.6797061
1.5942817
1.6338552
1.6035745
1.5503832
1.724834
1.631744
1.7675827
1.5949458
1.6844674
1.5765069
1.5213178
1.6031998
1.6212192
1.5768273
1.6030757
1.6606848
1.6263999
1.576019
1.6585613
1.539824
1.5217216
1.7222462
1.6502036
1.7348616
1.5878557
1.5679319
1.7391201
1.8133628
1.6515435
1.6637914
1.7455853
1.7215402
1.6682129
1.5669454
1.5690658
1.5244439
1.6184753
1.5530795
1.670447
1.6797562
1.642216
1.5318471
