9.90356
9.9035225
4.0815516
3.6034377
3.6602745
4.0625124
3.6206295
3.4365296
3.8161747
3.733203
3.0416327
3.276359
3.4351428
3.3081098
3.0059748
3.6336486
2.9732425
3.1765368
3.0132992
3.451615
2.902961
3.5172265
3.2365804
3.544278
2.838538
2.9019647
4.2636857
3.5947435
3.4722137
3.185775
3.0320306
3.3059304
2.6485353
3.7151868
3.3012307
3.419489
3.3507748
3.3184204
3.3058863
2.8012521
3.1162117
3.2960505
2.7297897
3.0744617
3.5054855
3.2102656
3.453421
3.5925415
3.3519661
3.0127985
3.0709376
3.1628249
2.9697876
2.653449
3.0783868
2.7326393
3.2504082
3.3996294
3.779095
3.300731
3.3498495
3.053374
3.1759343
3.0613518
2.7374904
3.335685
3.1817307
2.8638988
3.2723186
3.2494378
2.9588416
3.6355217
2.910389
3.557879
2.9038575
3.308213
3.0712597
3.4719415
3.1831505
2.9562986
3.4397852
3.5218496
3.30929
3.089513
3.6985307
2.8009632
3.604391
3.1589992
3.24908
3.1503482
2.744342
3.2851202
3.16439
2.7824605
3.4574466
3.4800322
3.4990644
3.62878
2.8750718
3.2363513
3.2708807
3.1702151
2.975193
2.7264502
3.6499472
3.0753374
3.1117353
3.0731275
3.4323888
3.5266697
2.9650924
2.8223722
3.0582702
3.1764677
2.7034903
3.0161202
3.2969518
3.5144038
2.9264975
2.8561492
3.1298912
2.8876724
3.2108638
3.1776094
3.396294
3.4269092
3.2535233
3.7116613
3.104538
3.4863532
3.2546382
3.0706484
3.1383433
3.5895984
3.2667484
3.0816088
3.1824007
3.347959
3.1320179
3.4386055
3.4188468
3.007152
3.217216
3.0417924
3.273674
2.9479423
3.117595
3.3365445
3.3690555
3.5974903
3.51821
3.180811
2.6774611
2.9411452
3.6235971
3.5516438
2.9208896
2.9224544
3.0645168
2.8691483
3.0953584
3.2728438
3.0781152
3.4109194
3.010026
3.5783043
3.1499796
3.178001
3.3151019
2.9297335
3.4121308
2.9697201
3.3188505
3.0815067
3.29955
3.2860808
3.2480977
3.2813737
3.3146136
3.1819882
3.3237376
3.1576967
3.3422575
3.1985636
2.9277942
2.9523575
3.0357518
3.1017036
3.5360014
3.021459
3.5324554
3.390616
2.579085
2.9581752
3.3365333
3.3934364
3.0271664
3.381736
3.1267128
3.1361036
3.3471484
3.1910686
3.0364122
2.5565844
3.499817
3.1682694
3.6466825
3.2796504
3.4101748
2.8539863
3.0729446
3.2033107
2.7195916
2.724701
2.6766322
3.0888047
2.8992906
3.3930109
3.1801937
3.0281677
3.242331
3.2766109
3.0015874
3.356655
3.1972978
3.3024483
3.1969619
3.849521
3.3510015
3.023633
3.3888407
3.0066895
3.4956975
3.00135
3.1906252
3.3945477
3.2852993
2.9953797
3.4427414
3.0862362
3.2295842
3.3268387
3.3988585
3.447554
3.2707598
3.3100967
3.575057
3.0865269
2.94609
3.1975498
3.3023238
3.2068677
3.1324782
2.882348
3.5047793
3.2492557
3.290238
3.2136056
3.096883
3.1566315
3.1941855
3.6701248
3.1805127
3.3876042
3.3111675
3.3001173
3.16424
3.0436227
3.575179
3.329708
3.5014904
3.2512755
3.137023
3.4692874
3.1249824
2.9504092
3.01558
3.337473
3.4332829
3.4905398
2.906413
3.0093064
2.8289075
3.4149745
2.702839
3.252105
2.7987251
3.1588676
3.0977683
3.275129
3.0583167
3.530043
3.398437
3.7021008
2.987974
2.8131618
3.260013
3.7441714
3.467504
3.723099
3.803777
2.8970141
3.3267365
3.2095885
3.0749485
2.847599
3.379666
2.6234303
2.6762214
3.2281442
3.2113013
3.6319454
3.198132
3.1419485
3.0087082
3.8896086
3.1876383
3.8677428
3.155802
3.4042106
3.489801
2.8731902
3.0945609
3.3310492
3.1637502
3.5574384
3.0748806
3.6122108
3.123621
2.8175597
3.2505631
3.3010864
3.109219
3.208632
2.9265032
3.216189
3.2589633
3.0797744
3.3495731
3.325362
3.2422957
3.2916486
3.3951914
3.3354468
2.895735
3.4429512
2.6267447
3.1683307
2.901985
3.373033
2.8147664
3.2788854
3.386674
3.4930172
3.2603896
3.3528924
3.2372875
2.9429617
3.4289973
3.2094293
3.097069
3.2073348
3.0164309
3.2660174
3.1754122
3.036201
3.3239295
3.5576024
3.1079745
3.1662683
3.255824
3.1044009
3.4773638
3.4026186
2.8574502
2.8240442
3.1700354
3.5292063
2.7165961
3.0259428
3.2719183
3.2160354
2.9022832
2.8850176
2.974218
2.9158063
3.132976
2.65758
3.1229012
3.0104823
3.0580442
3.0893674
2.932485
3.3235044
3.5916693
3.341306
2.9092262
2.8549366
3.1860833
3.6638932
2.870195
3.2258785
3.3515773
3.4575343
3.282034
3.7851636
2.9233093
3.2737432
3.138729
2.9483821
3.1649823
3.408924
3.556889
2.9629266
3.1127276
3.271366
3.0461457
3.3033886
3.5525014
3.7629828
3.0257072
3.1563869
3.1642718
3.1499104
2.8216355
3.195519
3.0403967
2.5936394
3.2076216
2.919201
3.5038476
2.7393312
3.0189166
3.3906565
3.0829926
3.300221
3.1554842
2.7225769
3.1593273
3.0334308
3.1073182
3.0152345
3.527475
3.1325784
2.9032269
3.1088219
3.2145934
3.1554904
3.0973601
3.3181424
3.1895103
2.8823466
2.9266653
3.7750342
3.0093837
3.4493036
3.7741287
3.0182796
3.2801547
2.7799134
3.018431
2.9413733
3.4729464
4.186988
3.4998608
2.9981842
3.5469654
3.1933022
3.102466
2.8471997
3.3922293
3.1094503
3.3419428
3.5841842
3.280807
3.079159
3.0979552
3.2118187
3.1320658
3.1233099
3.2059467
2.8582668
2.8863108
3.1769972
3.561732
3.0827656
2.8923604
3.2503347
2.867334
2.8142328
3.337906
3.145203
2.7737029
3.5798383
3.3796535
2.6382844
3.3611279
3.343705
3.3008845
3.0566645
3.0670137
3.3729472
3.0240633
3.0175464
3.187339
3.1361616
3.0499525
3.1402836
3.0867667
3.2913916
2.7194405
3.195649
3.7690582
3.247263
2.981306
3.006727
3.278323
3.009956
3.41583
3.212973
3.2538753
2.8489532
3.4765642
3.0191345
2.9527745
2.9250667
2.7475762
3.0048795
3.6648533
3.1351123
3.4025242
2.989972
3.242309
3.3092184
3.5246005
3.6772976
3.3809366
3.2070758
3.0605288
3.1328409
3.1983464
2.9924216
3.1814425
3.4496112
2.9847417
3.087965
3.0988255
3.3025427
3.3743339
3.3149714
3.2694526
3.202214
3.2495594
2.9395034
2.9238858
3.3752384
3.3271961
3.0144255
2.706606
3.0599055
3.1330013
2.7950425
3.3133621
3.0578566
3.582449
3.3149762
2.9046981
3.2994537
2.5800683
2.9668326
3.0695856
3.169806
3.4123974
3.0709882
3.177807
2.9703403
3.0920742
2.6177797
2.911768
3.5707757
2.7283058
3.349103
2.9472475
3.6848462
3.0857425
2.6997008
2.7733366
2.7893395
2.91262
3.2760828
2.660864
3.0833225
3.24617
2.720296
3.1601317
3.1867056
3.6750913
3.0895133
3.563654
3.0618694
2.7576826
2.7116299
3.2528956
2.6529994
3.1818109
3.1656663
3.0927703
3.0390015
3.1950045
2.767198
2.8696842
2.7490754
3.7538495
3.288787
2.7729082
2.980292
3.1268559
3.5292995
3.294479
3.2489843
3.5506897
3.219913
3.0649405
3.0696447
3.0826178
3.1860094
3.2655768
3.2644858
3.220814
3.1282115
3.5870633
3.1643667
2.9882317
2.7996297
3.1784883
3.3447633
3.158212
2.88647
3.4993749
2.8100617
2.9664803
2.906481
3.7552428
3.4235473
3.3679905
3.0665548
4.4357786
3.0749955
3.1260438
3.2266493
3.4649966
3.6916032
3.2178402
3.198978
2.6446784
2.8628292
3.3123043
3.5210707
3.1653783
3.146959
3.4407837
2.950316
3.3679132
3.2845662
3.7227976
3.472776
2.6817555
3.2140584
3.148025
3.3761876
3.4426126
2.5411906
3.2477007
2.87247
3.6873503
3.1932974
3.5598469
2.8379598
3.225371
3.3162603
2.6348143
3.0284774
3.3033888
2.7963796
3.1664097
3.506897
3.2827
2.7703447
2.9361665
3.3340235
2.9422097
2.8691387
3.0301085
2.2917838
3.2602725
2.9163063
3.3657753
3.0686417
3.4568286
2.9803486
3.1478007
3.054871
3.6757517
3.161745
3.1307893
3.009019
2.9361665
3.12258
3.0298295
3.117463
3.5528533
3.0790956
3.338727
3.6013284
2.983983
2.9779806
3.958715
3.3194883
2.9836798
2.9571888
3.5719595
2.8774066
3.4861493
3.1137714
3.0923355
3.141355
3.0602484
3.2099743
3.3289123
2.7821932
3.454348
2.7319727
3.2854548
2.9802275
3.4889421
2.8788028
3.398742
2.998466
3.1817422
3.2798479
3.064317
3.5456266
3.561793
3.0621626
3.1356707
2.86063
3.2335205
3.023882
3.442113
3.2912414
3.1716003
2.8870614
2.9688158
3.138186
3.1386843
3.0926533
2.6924925
4.001344
3.2249606
2.906301
3.0851526
2.7878675
3.3264565
3.8746884
3.047158
3.8746128
2.468799
3.6475143
3.2028093
2.9535184
3.1484327
3.1618736
2.6805978
3.5492814
3.3040922
3.098636
2.9231296
3.450933
3.1316724
3.331917
3.1271553
2.9819164
3.3347442
3.2234151
2.9437437
3.286292
3.4719071
3.082258
3.4849463
3.4783509
2.945692
3.1194527
3.021882
3.5002441
3.5696347
3.3297143
2.2419283
3.2083888
3.319566
3.0029135
3.1849391
2.8626509
3.2134168
3.2638588
2.9765134
3.5668192
3.1541607
2.877019
2.9504676
3.261592
3.4419556
2.556178
2.7261682
3.1961977
2.7930899
2.9999216
3.0971565
3.134492
3.9953349
3.130127
2.6864367
3.17232
3.2030559
3.1504936
2.5850582
2.870932
2.5370905
2.9753613
3.2988544
2.836032
2.8057053
3.113706
2.8435147
2.9917486
3.4440167
3.4291694
3.247963
3.0603497
2.8732944
3.1833222
2.8488605
2.779559
3.6741827
3.2480998
2.969551
3.083272
3.0257905
3.188213
3.212132
3.117289
3.5415561
2.802473
2.5798612
3.2819395
3.2251754
3.5800767
3.0997396
3.211731
3.2482843
3.9703047
3.6137142
3.1592646
2.7370758
3.0451167
3.1988237
2.9716296
3.4470184
3.186857
3.2739816
3.3751304
3.0155768
3.1715374
3.0142202
3.0159154
3.223414
3.2578263
3.4435716
3.3034778
2.9881248
3.061177
3.2115889
2.8882928
3.0246372
3.1220675
2.83359
3.4886813
3.0760846
3.6393716
2.8461597
3.0884125
3.6181874
3.2118263
3.8181012
3.2910352
3.787685
3.421164
3.0488
3.0836396
3.458382
2.7736812
2.980108
3.120391
3.1587625
3.414105
2.63123
2.9126692
3.5131342
3.3794012
3.001721
3.135375
3.4666982
3.3247063
3.3746834
2.956113
3.0614848
2.978662
3.3222067
3.4594474
2.8513083
3.2821007
2.8229227
3.2603161
3.3927383
2.7833905
3.8385425
3.723922
2.9668846
3.2614055
3.1963577
3.1190472
3.4182658
2.979148
2.8124626
3.512272
3.5089426
3.078189
3.0460253
3.1409898
3.3256197
2.493257
2.9984522
3.5984797
3.4159932
3.5860505
3.5249481
3.2046409
3.302611
3.1589186
3.2011085
3.2579641
2.8812866
3.0024428
3.4126413
3.1506681
3.3671927
3.1891553
2.6627305
3.3259578
3.092977
3.3977375
3.162646
3.4495878
3.4071293
3.588377
3.7657971
3.2942822
3.5880346
3.2270024
3.176673
2.7019997
2.6681223
3.1817255
3.0446348
2.7299426
3.262967
2.7679925
2.9681768
3.1821485
3.973081
3.380765
2.9166298
3.7468426
3.0280428
3.0334253
2.7925186
2.8352413
3.3672829
3.1318433
3.3515105
3.297203
2.6766882
2.9934878
3.2000816
3.1208422
3.4465752
3.3961182
3.312778
3.621802
2.947843
3.4587197
2.897961
3.337338
3.3962586
2.8046255
3.3038535
3.470602
2.991455
3.0903676
3.550562
2.9866226
3.0566897
3.260738
3.0185585
2.9779053
2.8649063
3.294251
2.776341
2.9482229
2.9469914
2.760316
2.925425
3.0802662
3.1384068
3.1126895
3.0210385
3.026888
3.4644256
2.489873
2.6524746
3.353047
3.229843
2.9571495
3.3114157
3.0054226
3.3645253
3.2922618
2.979885
3.01936
3.4270113
3.3094006
3.1290874
2.7874148
3.3249478
3.3879056
3.4859781
3.7074761
3.243981
3.0634274
3.211822
3.5676517
3.1916294
3.1009018
3.6190379
3.239832
3.0270896
3.1451867
2.9268947
3.2234745
3.3776603
3.0610511
3.6673038
3.2659302
3.2958326
3.2197819
2.9911883
3.034709
3.5071783
2.8519688
3.6189709
3.4601426
3.4816456
3.2273173
3.3006692
2.8747358
3.0251126
3.2286787
2.6969404
3.0280962
3.1126945
3.3976457
2.7083807
2.8222706
3.1239471
3.5330138
3.1555974
3.2485516
3.4718199
3.3963134
3.5220048
3.2725194
3.3103619
3.1021574
3.4536562
3.4811683
3.143674
2.7599874
3.4736354
3.0982172
2.8733368
3.3733425
3.1587777
3.2010126
3.0374668
3.0172448
3.4858077
3.2626388
3.234857
3.3895278
3.2055154
3.3340263
3.2707796
3.1690183
2.6761262
2.7476435
3.394401
2.834642
3.1993089
3.1341524
3.048877
3.334417
3.512752
3.3675056
3.1411786
3.0345552
3.169296
3.1778526
3.3471532
3.2305708
3.2482567
2.739653
3.0741277
2.9191809
2.7026114
3.872977
3.6308858
3.3111715
3.2348232
2.8302112
3.3619006
3.2199335
3.1841404
2.9524405
3.2716937
3.083677
3.202817
3.3741775
3.51295
2.9488683
3.2866807
3.6335301
2.9220266
3.2535906
2.9970894
3.2533877
2.6161563
3.0535903
2.9374142
3.290936
3.307321
3.7928736
2.648569
3.2105436
3.1065416
3.6912916
3.331375
3.3741655
3.3411357
3.5859056
3.1693387
3.4492662
2.9156725
3.1999311
2.7946153
3.484342
3.1545956
3.129342
3.1198103
3.4064376
3.3296127
2.6707344
2.997864
3.8907487
3.2927225
3.4688942
3.287129
2.5740848
3.332487
2.9442313
3.341193
2.604185
3.201007
3.08016
3.3008127
3.2141418
2.9912455
2.9252343
2.7572162
3.42413
2.8787117
3.242334
3.6111932
3.1525364
3.3435807
3.3728933
3.4219284
2.7203336
3.0170946
3.0519438
3.263678
3.3579435
3.1023152
2.976441
3.5415611
3.4602306
3.625289
3.2793596
3.1325681
3.4884453
3.130444
2.9599333
2.773407
3.3842244
3.4046295
3.855128
3.3777022
3.3827658
3.2997577
3.5298417
3.108184
3.4690528
3.164059
3.3159356
3.2225647
3.2180896
3.11727
3.6369553
3.3613932
2.835208
2.6987839
3.332995
2.9953372
3.2398798
3.3969169
3.4215097
3.0459864
3.1767817
3.0368888
2.9974675
3.1012335
2.9854841
3.831232
2.9949665
2.698943
3.2937498
3.53653
3.0410361
3.2686439
3.2713513
2.9099321
3.198945
3.2003374
3.188059
3.1439917
3.2794805
3.1043162
3.3129258
3.0735743
4.0757294
3.1125917
3.2956188
3.0997102
3.5196943
3.7710268
3.2575793
3.2870736
2.874648
3.5345435
3.3177938
3.3156123
3.2912247
2.7897453
3.3441072
3.512526
2.8432374
3.133112
3.8237822
3.2541614
2.949955
3.6706545
3.1075156
3.2037406
2.9630332
3.3839018
2.997402
3.4108238
3.5732589
3.3209505
3.1901035
3.51096
3.3460064
3.5683389
3.205515
3.570524
3.391498
3.0506744
2.9380116
3.0740135
3.3934724
3.4571428
3.5567381
3.1569984
3.5747147
3.2188215
3.2481575
3.193932
3.3072205
3.5083652
3.883919
3.1602283
3.597433
3.5722613
2.8230662
3.187593
3.6231568
3.1347005
3.1630752
3.282791
3.453816
3.2726603
3.1973891
3.0358598
3.3735414
2.746149
3.1124403
3.5413218
3.3380952
3.368307
2.8903654
2.5492706
3.073843
3.1918592
3.1185768
3.2701855
3.3097556
3.6937242
2.9371629
3.1512146
3.4236786
3.074853
3.5714176
3.6863096
3.342146
3.758217
2.7759345
2.906431
3.4450688
3.7351966
3.3471794
3.2036061
3.4272335
3.35222
3.38528
3.5237901
3.186091
3.1339872
2.9298804
3.5870914
3.313717
2.8874383
3.1003103
3.3014722
3.0466995
3.5360346
3.398067
3.3402398
3.1265106
3.0578685
3.3080258
3.2987275
3.1078696
2.8507476
3.0813298
2.9849482
3.9638262
3.1666055
3.0806184
3.409174
3.881509
3.041411
2.7089174
3.3294067
3.152137
3.2504098
2.8313994
3.3565059
3.3910742
3.5704522
3.0537832
3.3806844
3.1147587
3.2011735
2.9064355
3.1109607
3.084835
3.5403142
3.295937
3.0001209
3.121038
3.0067616
3.4114785
3.6798267
2.9538617
2.7519045
2.9966373
3.4216998
3.3056483
3.2591534
2.9853866
3.016664
3.2249374
3.1885204
3.3662262
3.2374156
3.1569312
3.4884152
3.4002485
3.5726244
2.8317404
3.7278967
3.093022
3.6126256
4.069789
2.7619426
3.3027468
3.0217643
3.1043854
3.0088134
2.5912933
3.8002162
3.2401328
3.1803002
2.706479
3.1438982
3.7167318
3.1224422
2.9954479
3.1987727
3.2674947
3.2652264
3.4812655
3.216635
3.0451238
3.055585
3.4221601
2.8255239
3.3173146
2.9537823
3.0680928
3.273713
3.401283
3.0872178
3.3355381
3.2495527
3.0784924
3.4066734
3.018556
3.255504
3.0289743
3.5512702
3.1093898
2.7847533
3.020158
3.6040225
3.3961535
3.21694
3.294403
3.4824142
2.9018428
2.9991655
2.8537974
3.0592916
3.0617976
3.0484967
2.9771008
3.3601415
3.0018125
2.941526
3.138978
3.3212233
3.2922854
3.8579772
2.8789
3.5505657
3.0770135
3.4839716
2.9366317
3.1578696
2.8478532
3.4815087
3.3630855
3.2441893
3.8937454
2.7843223
2.909152
2.8007505
3.0971367
3.1229186
3.1072462
3.0338097
3.1038013
3.0202606
3.356188
3.26399
3.3846536
3.323066
2.569114
3.6525412
3.2591364
3.5797927
3.0186086
2.8904505
3.225445
3.4716823
3.2485085
3.4745092
3.377637
3.185158
3.01389
3.2496154
3.2354617
2.8644261
3.1053119
3.0086393
3.2971745
3.4371614
3.8749876
3.4077165
3.022397
3.6206753
3.1961257
3.4604378
3.2456841
3.4006455
3.511798
2.97439
2.9271867
2.8183653
3.2813945
3.2855582
3.634885
3.673557
3.2163749
3.316525
3.1400166
3.121646
2.8761961
3.4152653
3.4981604
3.376445
3.237981
3.0282323
3.685504
3.291474
3.4371905
3.1401587
3.2362509
2.9073253
3.3634696
3.644925
2.909782
2.8299704
3.3510942
2.8678493
2.930886
4.701335
2.9915946
3.1203408
2.8715253
3.2038202
3.1288
3.2470512
3.3351078
3.4114852
3.0722218
3.4893968
3.19896
2.927908
3.2747211
3.2479901
3.4297826
3.5369146
2.8855464
3.196304
3.0370116
3.6105793
3.6949444
3.1115592
2.516643
3.0476487
2.9431934
3.153046
2.999137
3.0921624
2.6471198
2.77078
2.8544207
3.1754143
3.6406963
3.2773943
3.101741
2.8862472
3.071564
3.2874193
3.4084163
3.569972
2.3195987
3.2143273
3.4407122
3.0924487
3.220729
3.2333832
2.9760385
3.7435317
3.699969
2.7961702
3.4848168
2.7893765
3.1862621
3.2782378
3.0024188
3.4865506
2.861206
3.0525236
2.9315634
3.2618876
3.6444063
3.886299
3.372151
3.2890387
2.9259965
2.8019772
2.893939
3.137381
3.2636247
3.349761
2.9977372
2.436074
3.364904
3.367147
3.3145337
3.505649
2.8601766
3.1683614
3.193809
3.1819582
3.0805435
3.2807317
3.9265041
2.9708996
2.7034376
3.307063
3.2465844
3.4187753
3.2809815
3.5258389
3.3911042
3.2728539
3.237251
3.2584004
3.0064719
3.1381135
2.7014685
3.2588134
2.6389194
3.0658407
3.3836942
3.0380354
3.448563
3.1052682
3.292682
2.9719615
3.4817104
3.3786678
2.973838
3.4108665
3.3846388
2.712257
2.83128
2.959168
2.8960314
3.7124288
3.3254204
3.1314082
3.6962323
3.30234
3.1883938
2.8934805
3.2873287
3.4299078
3.4176018
3.0991058
2.6882296
3.1447682
3.014595
3.6040459
3.573669
3.2673652
2.9845538
3.0636947
3.1298678
2.9507706
3.0348272
3.192418
3.3495069
3.002236
3.2257395
2.9021347
4.458068
2.9724677
3.6744175
3.3101027
3.5413537
2.7045796
2.8699787
3.407794
3.364119
3.3657396
3.3660243
3.3933587
3.2390947
3.1498208
2.9037898
3.260184
3.1000323
3.248752
2.5613222
3.388694
3.2582204
3.2023635
3.2873774
2.7010207
2.7428517
3.4426608
3.5181723
3.3978808
3.26792
3.1918805
3.5698566
3.1987166
3.2746868
3.1027381
3.5195422
2.8239794
2.864595
3.253407
3.3285084
3.202188
3.693597
3.0212998
3.3326778
3.3652217
3.1162097
3.1208951
2.8537884
2.958459
2.9367485
3.1619627
2.894629
3.7174568
2.8419225
3.0585966
2.9004736
3.1095943
3.4554338
3.1150212
3.1360583
3.0967965
3.453657
3.5817883
3.0155046
3.2349663
2.9367774
3.0078287
3.6131272
2.996441
2.7079906
3.0890832
3.2024317
2.9956222
3.1892502
2.9251807
3.5086942
3.30605
3.2267241
2.8597436
3.0574026
3.5162628
3.26618
2.8936586
3.2848768
2.9503207
2.6665263
2.95629
3.6432858
3.2839603
3.4574304
3.501865
3.5254192
3.3672388
3.1369128
3.070908
3.7513404
3.3479223
2.7873154
3.1954958
3.1118875
3.210926
3.349337
3.3825843
3.2660673
2.8944063
2.8272119
3.180379
3.5886433
2.8008113
3.3062432
2.899484
3.4554775
3.2831106
2.949039
3.7673285
3.1756284
2.9808402
3.6537294
3.1818156
3.294896
2.8976908
3.281142
3.2162004
3.5339293
3.3399844
3.3410606
3.4062757
3.1510046
3.0116105
3.7049289
3.275104
3.2537522
3.6513212
3.252608
3.0203857
2.9406981
3.184393
3.2264552
3.4878883
3.2767775
3.404712
3.3855662
3.0941675
3.5541341
3.790856
3.9437842
3.635572
3.6171575
3.1003685
2.8262987
3.158376
2.8950715
3.2114706
3.0006523
2.8714406
2.876788
3.1319642
3.5431428
3.1018267
2.881639
3.1288745
2.9836855
2.8233056
3.164052
2.898882
3.591649
3.4422917
3.0075908
3.4512568
3.854218
3.1154165
3.3976617
2.9484377
3.1921842
3.2104387
2.8829598
3.095158
2.9791317
3.3645184
3.1244211
3.014534
2.8390286
3.1556287
3.0211987
3.1918008
2.9429777
2.789352
3.837795
3.4925714
3.1581166
3.7786205
3.4746604
3.4094517
3.3295798
2.9246635
3.0444486
3.295567
2.9866219
3.4907463
3.0576668
3.3047931
3.417523
2.7919078
3.5607076
2.4099655
3.169017
3.3296795
3.747367
3.0372233
2.739952
3.3891158
3.2853441
2.9283752
3.0509412
3.6476548
3.0536122
3.6875203
2.737595
3.118277
3.4335804
3.0762293
3.510971
3.1345448
3.703648
2.8927743
3.378116
3.3198872
3.268889
3.47486
3.0223484
3.2160015
3.1452513
3.6884456
2.9657516
3.6363616
3.5209227
3.2514
3.3280616
3.2123065
3.3264527
3.0153606
3.267888
3.2527535
2.796491
3.4260547
3.233525
3.1913466
3.020966
3.2185984
2.6844766
2.854484
3.1147616
3.1560903
3.1575074
2.9133348
2.7347882
2.990534
2.989707
2.4779844
3.350731
3.4587674
3.1516006
3.4138966
3.1610067
2.9205534
3.751668
3.4135585
2.7916265
2.9968367
3.515144
3.628389
2.9575086
3.5095897
3.4168706
3.1202917
3.580523
3.7020447
3.6907036
3.2350645
2.6852667
2.9155195
3.2572474
3.6131055
3.887924
3.3479912
3.9979522
3.3732238
6.88771
2.788425
3.1866667
3.1986704
3.3603964
3.428969
3.3328173
2.9740882
3.4189675
2.8963346
2.900918
2.928176
3.4713564
3.1819649
3.387121
3.506834
3.6193829
3.508073
3.103085
3.1053905
3.3286695
3.0007477
3.3516629
3.1657503
3.6515412
3.7093437
3.7240846
3.2871158
3.2749746
3.34872
2.9285398
3.3055754
2.5418901
2.8865952
3.5376463
3.4427726
3.0986412
2.897113
2.9506588
3.567649
3.2402701
3.164104
3.2534857
3.1633413
3.4550633
3.3313823
3.225748
3.8233182
3.569201
3.0994968
3.2354062
2.92352
3.2359457
3.3876061
3.3264565
3.2817707
2.828377
3.1134806
3.280742
3.1988907
3.2729096
3.2140322
2.9338536
2.7815523
3.5171552
3.4414008
3.3297846
2.9459023
3.1933584
2.7523966
3.163373
2.8344693
2.894487
3.4460502
3.4459815
2.783803
3.0667658
3.2882326
3.13927
3.2924032
2.8108125
2.7519376
2.603716
3.559319
2.9343977
3.448413
3.2578712
3.1642628
2.669672
3.375324
3.2329392
3.1856022
3.1246924
3.0607245
3.5195875
3.167063
3.120058
3.0796576
3.2346709
3.36349
3.2516332
2.8883972
3.6858618
3.2597156
3.3480208
3.1298263
3.4871955
2.9858336
3.1566625
3.3006573
2.865881
3.2110033
2.895885
2.9804616
3.6703448
3.0543303
3.2612152
3.5241928
3.773521
3.0850992
3.1239867
3.2636478
3.1645868
3.000175
2.886634
3.1837387
3.6507215
3.2509346
2.9931622
3.0307174
3.127378
3.3404524
3.2395601
3.0244505
3.182984
3.172313
3.3865151
3.5329845
3.1855595
3.3628237
3.0651202
3.2027287
2.7070336
4.2358856
2.740407
3.2424722
3.8079221
3.368802
3.1811233
3.0356994
3.2020276
3.0199203
2.7366576
3.056888
3.281098
2.9335623
2.9895377
3.7784026
2.910273
2.8924022
2.8957553
3.126738
2.8590856
3.541298
2.8081336
2.8867474
3.4381635
2.7056904
3.1391993
3.3058445
3.1442747
3.4089155
3.590467
3.2605057
3.4892247
3.877132
3.6627648
3.2291212
3.109321
3.6004882
3.7790813
3.0720828
3.1846342
3.0782306
3.6709242
3.1000187
3.2724185
3.1854715
3.129771
3.0878448
3.3344893
3.0659256
2.9776344
3.0934422
2.8496664
2.9192839
3.511606
3.2716937
3.3569016
2.7543764
2.940859
3.33702
3.223565
2.7706676
3.082417
3.07554
2.9739041
3.5919309
3.415184
3.2996323
3.162613
3.536813
3.4733613
3.3991122
3.6084232
3.217613
3.2305508
3.2816043
3.2961333
3.5332098
3.402802
2.6691504
3.1453018
3.7627773
3.490482
3.0127766
3.4246979
2.7514277
3.338959
3.3427186
3.3251948
2.9315648
3.2056012
3.30494
3.189064
3.215241
3.3481855
3.1329417
3.251145
3.042192
2.9220715
3.256402
3.325253
3.2242553
3.4035015
3.0346508
3.4213133
3.3258357
3.5896902
3.3669443
2.872415
3.1128306
3.3872938
3.6611228
3.1261969
3.006501
3.4543598
3.4391513
3.2980459
2.7799277
3.377894
3.170421
3.357594
2.9989986
3.0174432
2.8160362
3.3358407
2.8540635
2.9689517
3.117849
3.2154293
3.1380825
3.4724839
2.916029
3.1782095
2.89067
2.8113403
3.2491071
3.31751
3.0388336
3.1048374
3.2854834
3.260563
3.356802
3.6437993
3.430338
4.063717
3.2768655
3.4207292
3.4035435
2.6589108
2.8084393
3.4838617
3.103444
2.6975808
3.2776814
3.6561866
3.2940292
3.169379
3.3722982
3.4042068
3.230543
3.4463727
3.100153
2.662954
3.155649
3.1354084
3.3228753
2.8422534
3.1894703
3.0269961
3.237617
2.9871318
3.0890083
3.0388987
3.2040842
3.1361494
3.448678
3.5636187
3.623888
3.2152367
3.2976441
2.7810133
2.7564812
3.0677035
3.016119
3.0779262
3.0533586
3.1153562
3.276365
2.4395852
3.3923178
3.4921606
3.2483964
3.006156
3.2665565
3.648439
3.091405
3.3130703
2.8064575
3.2853653
3.4727497
2.7924192
3.1098704
3.148956
3.5322225
3.2988834
3.1987128
3.4215858
3.3309312
3.1530974
3.014513
3.6674786
3.0210834
3.1704528
2.8506272
2.904522
3.343559
3.5221338
3.1441028
2.9433177
2.927126
3.3664014
3.384256
3.2706938
3.136633
2.928449
3.343007
3.066738
2.9702368
3.0810008
2.8565624
3.0413992
3.338007
3.3560295
2.8541324
3.7201946
3.1956854
2.8366394
2.76762
3.3369675
3.3810377
3.4501023
3.692678
2.787552
3.4433703
3.3057456
2.886858
3.6477647
3.1132278
3.2429829
3.4126825
3.2461162
3.6229448
3.5048923
2.9148607
3.3524995
3.4700813
2.9398942
3.1578918
3.1925218
3.3529997
3.500406
3.1033452
3.0803585
3.465362
3.1539092
3.1990762
2.9251418
3.6420083
3.2340453
3.5333736
3.1950865
3.052586
3.425021
3.212751
2.8296876
2.8293808
3.1542313
3.5156937
3.613583
3.23192
3.5158913
3.779216
3.1265547
3.3607268
3.5216274
3.0282688
3.4818861
8.2337265
3.123487
2.8717597
3.097281
3.3403206
2.898011
2.9884262
3.5332057
3.0834942
3.4203157
3.3061893
3.2879455
3.3476145
3.1863284
3.374134
3.4630911
2.6450326
2.8946836
2.8624787
3.2544498
3.2519202
3.4469628
3.31388
3.1278243
3.2206655
3.1448529
2.8166382
3.3069358
3.3948126
3.1454828
3.2670336
3.6084738
3.63346
2.945673
3.8395247
2.8647242
3.191608
2.6321084
3.325799
3.6348734
3.3433123
3.257882
2.973843
3.3601196
3.2057722
3.0700006
3.3849418
3.9424376
3.00126
3.0966847
3.4288363
3.5765867
2.7566824
3.3794775
3.3954477
3.3710756
3.5919876
2.70586
3.3060386
2.7636597
3.0418696
3.562107
2.823041
3.5383666
3.2859907
2.6804028
2.9780893
3.2434573
2.8693733
2.9258945
3.3903396
2.8270788
3.322765
3.0721855
3.2110376
3.1938949
3.3021271
3.090166
3.2805803
3.2782097
2.7303715
2.7532213
2.9200091
2.9339926
3.42173
3.9202695
3.976287
3.4380877
2.8211536
3.1332192
3.3739214
3.667974
3.287486
3.2166715
3.032628
3.1503458
2.5927467
2.7710588
2.7718475
3.3196673
3.3947082
2.9427285
3.1901336
3.637894
3.1626658
3.1874206
3.3949432
3.169376
3.060583
3.6400578
3.073936
3.1440678
2.8216646
2.8463974
2.9864187
3.306851
3.0148225
2.9158707
3.5397937
3.4224176
3.2894588
3.0142016
3.6416671
2.7136161
3.145588
3.4131906
3.318441
3.1113975
3.3318417
2.8329763
3.4933283
3.325118
3.561843
2.8112388
3.390023
3.3050823
2.747256
3.12252
3.2014437
3.5924582
3.3120296
3.5923123
3.3129566
4.086985
2.927279
3.3629398
3.2842007
2.9381635
3.3327856
3.1213222
3.3396425
3.37801
3.1713154
3.3886693
3.4601755
3.1928883
2.8411443
3.3952029
3.6280155
3.2490227
3.4733994
2.9330072
3.2523596
3.5302045
2.8297858
3.0834625
3.0789905
2.9502587
3.2532957
3.264713
2.8150892
3.1274645
3.2376578
3.034327
3.3872237
3.2727444
3.7872992
3.0619168
3.3941498
3.1366663
3.2569716
3.2962441
3.0477417
2.9901938
3.2359238
3.2830462
3.4777944
3.257423
3.0424895
3.1516526
2.7418394
3.069577
3.226511
3.530181
3.2523468
3.3404408
3.2371144
3.0894759
2.8335805
3.1984153
3.0254936
3.2680728
3.1333199
3.3390243
3.0150962
2.6975374
3.850568
3.1167607
2.9458697
3.1508217
3.8216174
2.6526809
3.138287
3.041879
3.6294267
3.6551096
3.181589
3.026922
3.3462744
3.061462
3.3416433
2.9438
3.2786965
3.3111162
3.0528228
3.2093372
3.338442
3.4786255
3.0391855
3.0784898
3.1527715
3.1872377
3.2074103
3.496864
2.8296604
3.5363717
3.5472267
3.6372457
3.0726461
3.3025675
2.9718204
3.1188748
3.225291
3.0398831
3.4259114
2.943403
3.4299827
3.4827747
2.8335216
3.1123562
3.49269
2.7861757
2.8156555
3.460064
3.2092495
3.4064171
2.7879808
3.2350957
3.6150994
3.3312278
3.0947263
3.219298
2.8830035
2.8858771
3.41783
3.2145376
2.5551112
2.4823456
3.3984685
3.0594943
3.3849814
3.55412
2.9892945
3.3561273
3.538917
3.3640933
3.5798335
3.2184594
3.3908389
3.269113
3.3738832
3.267465
3.1198194
2.9904387
3.1759071
2.9509883
5.009205
3.539427
3.4920259
3.0385237
3.3236852
3.0362065
2.7698543
2.9103506
3.2592468
3.3172195
3.108574
3.3692365
2.9975324
2.886149
3.398184
3.2604315
3.2646146
3.3084142
3.5905232
3.6824007
3.1582336
3.2026267
3.0477343
3.2561753
3.3644538
3.1215978
3.1041536
3.2613688
3.3444324
2.7321842
3.1830134
3.2696364
3.0247984
2.9516034
3.0748475
3.0600433
3.616388
3.2999134
3.532321
3.3455918
3.2131124
3.5542626
2.997011
2.7368367
2.7970064
2.8254066
3.750734
3.140059
3.4286718
3.2884576
2.7346566
3.2360349
3.4397535
3.3836563
2.9325309
3.0190718
3.5587206
3.4501336
3.1081278
3.549066
3.1313016
3.127677
2.646081
3.322398
3.052094
2.9343603
2.9218194
3.1975906
2.8803349
4.0058975
2.8965158
3.1947513
3.1447215
3.1470766
3.2981727
3.4144144
2.8112674
2.9059658
3.191937
3.1234176
3.5416107
3.5906253
3.3382292
2.5468972
3.1529336
3.4951544
3.5948553
3.1044073
3.5556684
3.1131527
3.0677466
3.1502512
3.6487932
3.2937005
3.176179
3.1136327
3.670361
3.4859414
2.7562537
3.3208365
3.2125793
2.8084142
2.9041653
3.5273914
3.081616
3.6840496
3.1349888
3.3357503
3.405516
3.1922722
3.5623636
3.301301
2.8843517
2.9496598
3.3820455
3.3137827
3.217711
3.1853518
2.5896888
3.3768346
2.9839487
3.367334
3.2768452
2.6779082
2.979084
3.194488
3.0346909
3.8701496
3.3860176
3.0315096
3.304307
3.392136
3.1857805
2.729063
3.89479
3.4459531
3.0136461
3.0436091
3.1711545
3.309795
3.467802
2.7609692
3.6583307
4.8515544
3.362762
3.023591
3.6949894
3.4666662
3.2498126
3.0953345
3.5390992
3.0272336
3.0737991
3.1598828
3.3110163
3.571291
3.319909
2.3706207
3.165334
3.1669936
3.1961324
3.2703736
2.84
3.8995576
3.7787085
3.444528
3.010169
3.4600766
3.6640124
3.6642492
2.92952
3.3692548
3.1892748
3.140725
2.8653784
3.6098304
2.8936656
3.4267163
3.1034465
3.1233525
3.1884508
3.163711
3.160012
3.0953097
2.5246654
3.012374
3.1409369
3.1064467
3.4140964
2.8027308
3.4092665
3.4197228
3.2112427
2.8474746
3.2726781
3.4562461
3.9636662
3.0102296
3.1571293
3.6046536
3.17533
2.9774904
2.668142
3.4537184
3.486862
3.1288476
2.690669
2.991067
3.2235484
3.4226387
2.7415955
3.1869938
3.2947361
3.1421087
2.8031862
3.1214209
3.8358474
3.1999016
3.270061
3.5150855
3.0061567
3.0953424
2.9883401
3.1221366
2.8388145
2.9864187
3.2088177
3.2677846
3.2503695
3.03236
2.8820214
3.5728784
3.5566063
3.305223
3.2743788
3.201441
3.260188
3.0946198
3.398338
3.622426
3.219111
3.2516677
2.8828917
3.4759352
2.8716455
2.948361
3.1644204
3.3206253
3.0072308
3.0343168
3.0006216
2.771034
2.9299364
3.088192
3.0763297
3.025302
2.8935833
3.0793102
3.0921504
2.8603501
3.2751694
3.046958
2.7285433
3.4541466
3.112749
2.8913448
3.1309834
3.4821124
3.4495091
3.2254858
3.2679758
2.6461596
2.9018238
2.9669473
3.3525817
3.81711
3.258514
3.2025776
3.5714965
3.1717958
2.8082285
3.335544
3.1507654
3.4339352
3.3250616
3.5097494
4.3426046
2.6050978
2.848422
3.4750943
3.4789963
3.21515
3.0963964
3.2836406
3.2646503
3.3632476
2.8261468
3.010423
3.2886844
3.0151174
3.4325082
3.1472855
3.2873278
3.0513024
3.6748805
3.109317
3.1502318
3.8192632
3.476625
3.184703
3.0351167
3.0999503
3.3021948
3.1358747
2.6730077
3.6932657
3.435766
2.907309
2.9568403
3.3405578
3.6470175
3.1665165
3.5842276
3.1843383
3.577406
3.5607991
3.0713615
2.9096665
3.4641821
3.722706
2.649103
3.0756097
3.0303154
3.2347026
3.136022
3.5818124
3.873309
3.0325704
2.718901
2.9820328
3.5142105
3.5514827
3.5297534
2.9441857
3.0840364
3.6738327
3.2050946
2.8740604
3.2303972
3.363062
3.3298345
3.2270465
3.5236862
3.5400274
3.1906354
3.1731615
3.2099597
3.4884267
2.9283204
3.0834236
2.969359
3.358795
3.1546113
3.0650043
3.1852264
3.025258
3.5484169
2.987897
2.964162
3.262262
3.480207
3.0688844
3.4927433
3.3089182
3.527934
2.502857
2.845966
3.4080913
3.380519
2.9041598
3.1356463
3.3976603
3.2728431
3.1645253
2.8951912
3.3046534
3.491409
3.130309
3.2018652
3.388692
3.146147
2.880113
3.0654926
2.9100869
3.5414562
3.1374977
3.284699
3.3846297
3.502073
3.375103
3.2114935
2.741589
3.3473008
2.5841098
3.047286
2.5856686
3.26553
3.2870166
3.4767613
3.451261
3.2658505
3.428589
3.2640414
3.166162
3.3050866
3.217612
3.6637096
2.7920132
3.2931008
3.25794
3.0634596
2.8221128
3.567649
2.766445
2.8949046
3.3895006
3.3387568
3.1780899
2.6805854
4.513404
3.329195
2.8878598
3.204907
3.2539697
2.9831932
3.2125711
3.1605163
3.472752
3.1688762
3.4908671
3.085875
3.297773
3.0022929
2.951291
3.1196086
3.2633529
3.1023402
2.7454543
3.152207
3.189163
3.1496558
2.9389124
3.1290517
3.1061218
3.482375
3.4706678
3.4785206
3.478437
3.398188
2.9524364
3.5974178
3.3586843
3.4134946
3.4402306
2.8889618
3.6620183
3.541604
3.323752
3.0240788
3.0166252
3.3532197
3.202046
3.1774817
3.148029
3.4250133
3.1774328
2.9595156
3.4995477
3.0218604
3.138169
3.6128654
3.177619
3.0564926
2.8031645
3.110971
3.4503388
3.2188494
2.6409335
3.3721647
3.212072
3.8573196
3.6307855
3.43534
3.748121
2.8396134
3.5100935
3.2574892
3.33573
3.4401248
3.41993
3.6160207
3.5199385
3.3311741
3.003883
3.222012
3.7191234
3.5445027
3.8079753
3.415492
3.3431401
3.153367
2.6944578
3.122681
3.1372833
2.8813314
3.2396557
3.1206262
2.7759466
3.0591717
3.0943182
3.0060484
3.0056028
2.9575548
3.254332
3.32827
3.0754912
3.2765431
2.8816476
3.2406187
3.0010376
3.2677236
2.8485084
2.957279
3.0363057
3.1222098
3.6004272
3.6609612
3.526898
2.7654026
3.2661207
3.2382326
3.4000475
3.4481215
3.185697
3.2954245
3.1547918
3.8707623
3.4735942
3.4428933
3.1778085
2.9860034
2.8781426
2.896546
3.3655903
3.2888472
3.4057817
2.4334943
2.7071779
3.0883663
3.56664
2.7018933
2.82196
3.395771
3.2262607
3.8568277
3.412228
3.002623
3.6469488
3.303978
3.4862738
3.378313
3.69887
4.7767134
2.9945512
3.214397
3.3283935
3.2545564
3.397613
3.6263437
2.7690032
3.4160576
3.3456407
3.4638677
2.8856812
2.831465
3.6261063
2.937385
3.3892577
3.01728
3.5678535
3.2737885
3.500629
3.04144
3.1317024
2.889195
3.1195421
3.128884
2.8371804
3.5634973
2.7190614
3.440067
3.493795
3.2351985
3.1584487
3.3650799
2.999386
3.4036875
3.4646304
2.9316366
2.8976421
3.3786511
3.287835
3.3202007
3.5959194
3.8167896
3.1269403
3.6084814
3.3764439
3.175796
3.266181
3.3257432
3.1262016
2.8064806
3.5981247
2.9472308
3.0542805
3.474206
3.429721
3.066856
3.2524152
2.8185682
3.4991093
3.179933
2.7941337
2.8608353
3.2882836
3.7366016
3.028563
2.6570117
3.438099
3.7340283
3.3656552
3.5890582
3.3258286
3.1349926
3.4657245
3.052885
2.9619794
3.2262843
3.3899336
3.2387204
2.9399676
2.7304106
3.1206193
3.7054417
3.3215857
2.6867452
3.0704024
3.0118046
3.9149003
2.8971584
3.0879383
3.2879395
3.2225747
3.7825277
3.5117116
2.865985
2.7449808
3.078679
3.0709069
3.0340889
3.376515
3.4378004
3.0848553
3.3383567
2.9372287
2.8675656
3.4921088
2.7822943
2.9115252
2.9688864
2.9868703
3.5146284
3.2538323
3.111075
3.1058493
3.41187
2.9666405
3.0261285
3.2933388
3.0997808
3.9302053
3.1626377
2.5318818
3.0414991
3.3301284
3.2000108
3.1643078
3.1703339
3.5862613
3.0562532
3.5211709
2.9663453
3.348303
3.311894
3.2880292
2.9967937
3.3260496
3.3184066
3.43661
3.3817003
2.978069
3.4212325
3.387951
3.537411
4.715083
3.3852882
3.2548485
3.0881066
2.7422824
3.137104
2.9291644
3.1629524
2.7881231
3.0000715
2.9372442
2.9633818
3.0549493
3.147758
3.023087
3.208702
3.616364
3.4357357
2.6235638
3.0646305
2.9878035
3.1085706
3.4266505
2.8696423
3.3018909
3.1544785
3.0384455
3.1012661
2.7630844
2.853499
3.1471047
3.1977975
3.2241163
2.8834324
3.2253017
3.6655316
3.4725735
3.8973026
3.8604298
3.1740966
3.1201572
3.0236764
3.2360973
3.061802
2.9724462
2.8163724
2.9072661
2.8378046
3.068325
2.981796
3.3005922
2.932806
2.6653452
3.4915361
2.939844
3.4020073
3.1716576
3.447658
2.9233618
3.2635512
3.0882268
3.0672808
3.3903465
3.5296485
3.2770486
3.0219114
3.2170784
2.7952185
3.4385645
3.5238645
3.107673
2.901467
3.2979045
3.1889386
3.412544
3.4132915
2.6588483
3.3220177
3.2511292
3.417889
2.8258173
3.0551434
2.8773077
3.2857134
3.2155385
3.2771168
3.3641331
3.2399833
3.337645
3.408335
2.9148073
3.3656425
3.0323935
3.3983674
3.127429
3.2387595
3.188266
2.6687822
3.2227426
3.627763
2.989664
3.0199769
3.3039227
3.2646422
3.1774278
3.5101242
3.0858974
3.4506557
3.0143845
3.1959357
3.134399
3.066217
2.7987251
3.1917503
3.7335892
3.4418454
2.9735138
2.6796868
3.3330495
3.0565221
3.231882
2.876892
2.635618
3.1115618
3.1792264
3.3875742
3.3469076
3.2075403
3.5624647
3.1554625
3.0240693
3.131978
3.2078843
2.936478
3.0655692
2.9903975
3.0451684
3.102406
2.8781657
3.4878774
3.552655
3.1791897
3.4173937
