9.903517
4.826758
4.8736525
4.6810236
4.7690835
4.942298
4.7169104
4.6164055
4.5702004
4.7371607
4.6628094
4.7058287
3.2864506
2.9352858
2.8284583
2.744543
2.8020687
2.6918302
2.5450244
2.4988115
2.5152552
2.6035912
2.4939437
2.5417392
2.4165819
2.3093102
2.4881096
2.2525265
2.242031
2.3084884
2.1924622
2.219962
2.203845
2.211429
2.3672705
2.3779275
2.205681
2.3821797
2.225884
2.2398536
2.288629
2.1830916
2.2838192
2.22539
2.395087
2.3613436
2.1410587
2.301844
2.1454983
2.128306
2.1327484
2.2978654
2.2229939
2.2283213
2.1950743
2.1219428
2.230767
2.177475
2.2925236
2.1381807
2.0725498
2.1650276
2.151113
2.1492832
2.1716428
2.1346295
2.0714142
2.110558
2.126569
2.0121503
1.9528526
2.1185615
2.1663566
1.9625403
2.0986238
2.0512855
2.010376
2.2362409
2.2353501
2.1473544
2.1675074
2.0493808
1.8961004
2.0304766
2.1735363
2.096161
2.0365052
2.0269508
2.0739045
2.071876
2.081247
2.05936
2.1116047
2.0057986
1.9696316
1.9713777
2.0462165
2.1315093
2.0969512
1.9505436
2.0551112
2.0766513
1.9289744
1.9631878
2.0978494
2.039476
2.1083083
2.0427759
2.0536752
2.0641665
2.000124
2.0715458
2.3035533
2.196697
2.172018
2.088371
1.9884574
2.1178622
2.0288892
2.0482004
2.0012844
2.1282976
2.1066062
1.8776853
2.1909628
2.104813
1.9181135
1.9602677
2.0566418
2.0582738
1.8777834
2.013724
1.861797
2.0073829
1.9738472
2.1079056
1.881798
2.0040374
1.9309542
1.9848387
2.139083
1.8798519
7.9637365
2.153255
2.2254753
2.062161
2.140491
2.0205383
2.0154178
2.0498114
2.102694
2.1948571
2.0993867
2.0404239
2.1267536
2.03795
2.216584
2.0227196
2.0050454
1.8696654
1.9963086
2.0167596
2.0361276
1.9962689
2.0265641
2.0233166
2.026881
2.0630777
2.092245
2.0745492
1.7894256
2.1718729
2.1248753
2.121366
1.9935938
2.05516
1.9170231
1.8980436
1.9320362
1.9610507
2.1317067
2.1470547
1.8570238
2.080736
2.0106864
1.892729
2.2423928
1.9347633
1.9577711
2.0385332
1.9716232
2.0095677
1.9625534
2.0110636
1.9969435
1.8298305
2.1123636
2.0766153
2.010636
1.9309565
1.9318821
2.0018616
1.9013392
1.9676695
2.0285637
1.9502504
1.8954563
1.976004
1.9778486
2.0780723
1.9599686
2.0377984
2.0485322
2.169919
2.0316439
2.0227463
1.9857204
1.9407108
2.0764718
1.9773064
1.9194117
2.0153232
1.9708326
1.9982462
2.108085
1.8779179
1.8455732
2.0230832
1.9199741
1.84441
2.0351784
1.9395431
1.9856274
1.9873768
1.9991989
1.958643
1.975544
2.0327206
1.9844452
1.9558678
2.0573444
2.0498433
2.0919743
2.037951
1.8852425
2.0355873
2.0691247
1.7896751
1.8356212
2.0394435
1.9064236
2.0771947
1.9539474
1.9575964
1.9380834
2.0287611
2.0000079
2.020538
1.9407351
1.8981581
1.9723375
1.9785454
1.9026388
1.8925402
1.9997746
2.024623
1.9108589
1.9442174
1.9853156
2.0191584
1.9092451
1.9450525
1.8881277
2.0473342
1.8775833
1.9541428
2.0223029
1.9805311
1.85235
2.0541527
1.8694903
1.9173148
2.022058
2.055813
4.6074395
1.9869862
1.9778318
2.068376
1.858276
1.9136477
1.9000393
1.960605
1.7713836
2.0207012
2.1409717
1.9894145
1.9632231
2.086409
1.9839928
2.0720096
1.9863408
1.9153732
1.9595864
1.9066403
1.8073838
2.0035088
1.993109
2.0829062
1.7290531
2.0784059
2.0013657
1.7845169
1.9734604
1.8976223
1.9244404
1.7672355
1.9353154
1.8744981
1.9426482
1.9153877
1.958435
2.12878
1.9485337
1.9882189
1.9625673
1.961829
1.8251412
1.9915403
2.08815
1.9311409
2.0058644
1.8307762
2.123116
2.0682256
2.0273826
1.9739937
1.9641778
1.9751394
1.9332718
1.9266735
1.8397064
1.805674
2.029028
1.9793997
1.963645
1.935989
1.8850911
1.8920324
2.0077453
1.9389794
1.9036112
1.9484351
1.8717082
2.1012797
1.9565283
1.9682434
1.8156478
1.9894899
2.078637
1.889157
1.7968781
1.9067936
2.011168
1.9235245
1.7547153
1.9006128
1.9939159
1.9465061
1.9832987
1.9713018
1.9342283
1.8923327
2.0268197
1.8116077
1.8899801
2.1345258
1.8468163
1.8630002
1.909186
1.8792212
1.8390993
1.98526
1.974901
1.9057671
1.8582169
1.8819859
1.9108009
1.8115139
2.0482588
1.7127182
2.0319018
1.7360243
1.7237514
1.8021224
1.9892439
1.7836472
1.9970974
1.860863
1.9994526
1.919446
1.8311802
1.9172173
1.8853668
2.0376964
1.8676949
1.887064
1.9476299
2.000553
1.9013999
1.7188549
1.8734945
1.9588897
2.0061452
1.9820436
1.8481582
2.022932
1.9324993
2.026215
1.8960556
2.0234978
1.8709549
1.9144863
2.0733984
1.8889223
1.9141239
1.8744062
3.5902896
1.947634
1.9232047
1.7940727
1.8527
1.9101
1.8228819
1.8598936
1.759605
1.8657568
1.8519886
1.946037
2.0153203
2.0639615
1.8522718
2.007522
1.8663155
1.814492
1.8445244
1.9365755
1.8165925
1.9109838
1.9280189
1.8056082
1.9382651
1.9868724
1.9220358
1.8177087
1.9181534
1.8651069
1.8307108
1.976729
1.8927987
1.7979151
1.8260294
1.9173836
1.8648564
1.8350433
1.7669872
1.8494103
1.9474297
1.9833004
1.7508452
1.7239401
1.7750456
1.9035528
1.8491795
1.8832382
1.7586162
1.8513238
1.9205112
1.8837445
1.9119838
1.7724874
1.8212261
1.8098524
1.8114212
1.8660138
2.1483843
1.8851677
1.8644199
1.7928013
1.9012887
1.8532183
1.773564
1.8834044
1.8128093
1.9690529
1.8572881
1.836961
1.769157
1.7815313
1.864165
1.8548889
1.7784592
1.9244839
1.8160244
1.6678054
1.8072983
1.8862865
1.9322754
1.7409449
1.8378346
1.8956486
1.8296406
1.8536928
1.9859257
1.7674744
1.811809
1.9382837
1.827532
1.8026447
1.8731893
1.7923977
1.8437309
1.9603717
1.8527704
1.7379822
1.7852494
1.6311266
1.7297897
1.879611
1.8658234
1.9298875
1.9583433
1.7039223
2.0269597
2.0014966
1.96154
1.8053904
1.8243892
1.95281
1.7719545
1.7329022
1.9742515
1.9058034
1.8371481
1.9064896
1.7711674
1.9444406
1.7660863
1.8960574
1.8126358
1.8824692
1.9053189
1.8954146
1.9360065
2.0479763
2.0287814
1.8988975
1.9471786
1.7552027
1.78429
1.9567884
1.7871044
1.9325182
1.8082263
1.7939825
2.0597749
2.0448048
1.7742943
1.8131351
3.7061424
1.9632791
1.8472344
1.8430388
1.8276027
1.9204279
1.9807571
1.848016
2.0595596
1.8960984
1.85407
1.836881
2.0184112
1.8358934
1.7785366
1.7390429
1.8269045
1.9722608
1.8751472
1.9212425
1.9362278
1.6987455
1.9022576
1.97981
1.7633845
1.8045318
1.7720903
1.793704
1.777207
1.7313805
1.961305
1.7445856
1.9503212
1.8594735
1.8864038
1.8534667
1.944758
1.8138155
1.9044397
1.9993956
1.8270286
1.7869136
1.7670784
1.9372854
1.7389438
1.9816513
2.0331938
1.8031429
1.744824
1.8796089
1.7619712
1.9063218
1.9078249
1.8497686
1.8401722
1.9756691
1.9570625
1.9809545
1.783262
1.869859
1.6216596
1.8871771
1.8434184
1.8755255
1.8656298
1.7610664
1.7351334
1.9048688
1.9253572
1.7658749
1.8828701
1.7760563
1.8238161
1.9396896
1.8662659
1.8327014
1.6748794
1.814008
1.8913343
1.8582013
1.7878631
1.8653952
2.0393157
1.9055102
1.8910555
1.8981613
1.7848129
1.8535992
1.8962581
2.0366426
1.7667093
2.0819962
1.658251
1.8496196
1.8057511
1.9702244
1.8933411
2.032473
1.7944295
1.865434
1.7130257
1.8810298
1.988159
1.818087
1.7881953
1.7998585
1.8607628
1.7606653
1.9448751
1.9023046
1.7092578
1.8691667
1.7999966
1.8433644
1.737717
1.8927867
1.7662897
1.7696831
1.8461586
1.944812
1.8951828
1.8479427
1.8405085
1.8522797
1.7582451
1.8128054
1.9267843
1.918074
1.7789415
1.9427258
1.7863598
1.8791554
1.6947441
1.8015064
1.786021
1.7010195
1.837957
1.8880453
1.6714026
1.7902975
2.0784402
1.8775537
3.4843502
1.9252875
1.9206638
1.7867931
1.7268575
1.8498008
1.8524783
1.8240099
1.8333403
1.8547618
1.8575146
1.7719145
1.9205555
1.7542435
1.7803929
1.7043108
1.9019998
1.7893016
1.97206
1.7315571
1.798022
1.736373
1.8595507
1.8230724
2.012555
1.8434837
1.8426406
1.7741196
1.9989849
1.8918273
1.8662351
1.8210312
1.7725079
1.8521583
1.9308999
1.9541819
1.7233016
1.7517773
1.9671261
1.8776613
1.7672294
1.7582039
1.8939136
1.803388
2.0100467
1.9094225
1.8311644
1.8737732
1.9504473
1.7992449
1.8802372
1.7602081
1.9621522
1.8597733
1.7322168
1.898688
1.7434933
1.7532263
1.9911616
1.7977253
1.8636278
1.8438705
1.9455421
1.7790587
1.929937
1.880146
1.7784401
1.8218746
1.9150289
1.909683
1.7988741
1.6671324
1.7757246
1.828853
1.9792702
1.8910458
1.8734518
1.7496914
1.9763294
1.9484501
1.7732586
1.6674526
1.863662
1.8750467
1.887747
1.8444078
1.8092448
1.854368
1.8544941
1.8554604
1.7588089
1.836611
1.7762983
1.790534
1.6811025
1.8032345
1.9351565
1.9074943
1.9532795
1.915575
1.7289486
1.7678764
1.9492595
1.9604816
1.8608277
2.0243638
2.0370517
1.8137991
1.7824692
1.8038105
1.7321011
1.7769573
1.7657096
2.051892
1.9051819
1.7882942
1.7116671
1.6924565
1.8076527
1.7981396
1.8467112
1.8262577
1.8061327
1.8844677
1.9257872
1.9143951
1.8741014
1.8689371
1.8595333
1.9782673
1.9643872
1.8474915
1.7647231
2.1982617
1.8049209
1.8428351
1.8489254
1.790007
1.8594517
1.8890152
1.8093231
1.7492348
3.50531
1.819727
1.7681919
1.8622395
1.7685769
1.7932583
1.7862558
1.996525
1.7266119
1.9636915
2.0360844
1.9931942
1.9359611
1.8280579
1.7801269
1.8674698
2.057286
1.7153206
1.794659
1.8166205
1.8491402
1.9001309
1.6937287
1.7563398
1.963493
1.8488605
1.9442093
1.8343604
1.8969208
1.8387263
1.8493713
1.9059598
1.7508433
1.8279665
1.9411726
1.8602158
1.7404127
1.783658
1.7622118
1.8867468
1.8358891
1.7350838
1.766175
1.7232187
1.7850382
1.721152
1.9047029
1.9070759
1.8600334
1.9029049
1.9342833
1.7955538
2.0120342
1.7697433
1.8187397
1.8628852
1.8161783
1.7123903
1.8451445
1.71886
1.9542927
1.8339481
1.7994884
1.8465798
1.8689072
1.8496212
1.8023612
1.9089069
2.0405788
1.6819756
1.7464569
1.8380283
1.8764101
1.7778965
1.7610651
1.7880627
1.7795299
2.0803933
1.9302769
1.8189636
1.9309108
1.8723408
1.8497032
1.7262837
1.8705088
1.7898304
1.9020411
1.8123319
2.5234313
1.7611363
1.9046856
1.8563898
1.8743169
1.8228626
1.8542812
1.933856
1.9189241
2.0085127
1.8181776
1.8739014
1.9633135
1.8587592
1.9276892
1.7476933
1.8107471
1.8788716
1.882597
1.7103126
1.8163302
1.9734894
1.9987907
1.8572159
1.7573675
1.8473177
1.8719066
1.8790205
1.7923778
1.7671578
1.703726
1.9616473
1.800059
1.7597201
1.9083725
1.7301251
1.823883
1.9819219
1.7669947
1.8419545
2.0120406
1.9275528
1.8453405
1.7940118
1.714122
1.8020967
1.7820469
1.880606
1.756882
1.8155676
1.7912176
1.9272757
1.8645273
1.8739889
3.5133796
1.8474194
1.8696893
1.8286788
1.8650668
1.7543484
1.8371956
1.9036663
1.9614424
1.8812488
1.7718462
1.8634708
1.8971031
1.7084606
1.9683368
2.010841
1.8573074
1.9769253
1.7183701
1.7310098
1.86945
1.7311188
1.8192742
1.8522546
1.87133
1.7087895
1.8018726
1.8374304
1.6946741
1.8993286
1.7273996
1.8937309
1.7893574
1.8375931
1.9536718
1.9931148
1.9410696
1.8815857
1.9530461
1.7820532
1.7745975
1.8789194
1.9052738
1.8477046
1.9729294
1.734401
1.8386672
1.8941476
1.8350973
1.8468002
1.7885246
1.8717142
1.8141104
1.8583246
1.8552507
1.9713625
1.8139708
1.7833115
1.8636755
1.8420384
1.8418503
1.8708986
1.9182093
1.7850971
1.8415432
1.82547
1.8147328
1.7858384
1.7601379
1.8304863
1.7585993
1.828914
1.6764933
1.765843
1.7751518
1.7931459
1.8384647
1.8115427
1.8492714
1.9329116
1.7433914
1.7444503
1.7314389
1.8828024
1.8308445
1.8584179
1.8247751
1.8543383
1.9323902
1.8409948
1.8282115
1.7969192
1.8598827
1.7754166
1.781677
1.786628
1.9188753
1.8222573
1.9263397
1.7904742
1.9320109
1.7834504
1.7643915
1.854175
1.8517491
1.8589334
1.9135967
1.6726406
1.9384903
1.7585697
1.6807823
1.8047844
1.7381798
1.695344
1.7824055
1.7793413
1.856596
1.7550755
1.8345321
1.80191
2.0252242
1.9653044
1.8681123
1.9671209
1.8049476
1.8533869
1.7547954
1.8842846
1.8341806
1.7828472
2.018874
1.8671592
1.7739689
1.7807535
1.9457737
1.8050549
1.8355167
1.7199398
1.6986892
1.907971
1.776675
1.9621941
3.440207
1.8379844
1.8149265
1.6957934
1.8900166
1.7383635
1.9220871
1.7675521
1.6549482
1.8122425
1.8349377
1.8614982
1.8199542
1.8138807
1.7807572
1.7989645
1.8434145
1.879315
1.8935242
1.9010814
1.7565922
1.8920208
1.719881
1.822737
1.955238
1.8646624
1.8908123
1.7486506
1.7682089
1.8572347
1.85396
1.6971362
1.851655
1.7108438
1.6156166
1.8951496
1.9336493
1.9769688
2.0235534
1.9287441
1.927305
1.8606751
1.8603852
1.8488249
1.6312599
1.8647187
1.8270292
1.6949459
1.7698667
1.8010931
2.018564
1.8372366
1.7756153
1.7927768
1.7925272
1.9420666
1.7733014
1.7304213
1.9974991
1.8276151
1.9167429
1.8431515
1.8835742
1.8128744
1.7808644
1.900403
1.7731749
1.8287216
1.9135544
1.7561381
1.7583544
1.8155634
1.783643
1.9237343
1.8103626
1.7640759
1.6476364
1.7177231
1.7198169
2.0534682
1.7155272
1.9326332
1.7642257
1.9823225
1.8718523
1.8596884
1.9595108
1.8631872
1.8214369
1.862846
1.8464512
1.8078501
1.9017212
1.8879116
1.888732
1.899293
1.8126915
1.8482252
1.8834803
1.9303093
1.9541626
1.7507927
1.763978
1.9379021
1.8140911
1.7215617
1.8222663
1.8191173
1.9570678
1.8979712
1.8792759
1.8532488
1.8038433
1.8818843
1.8312813
1.9753784
1.7692003
1.7826256
1.8160127
1.8410771
1.8569462
1.8132782
1.9128561
1.9503933
1.7652794
1.8412743
1.7415813
1.8101174
1.7324957
1.6870334
1.9004135
1.8026282
1.723464
1.9893461
1.819793
1.7279243
1.8068228
1.9340025
1.7292719
1.817859
1.8549149
1.8855193
3.476125
1.8221054
1.8098361
2.0071526
1.9054787
1.7142162
2.1401076
1.8636042
2.0516222
1.8208984
1.7275082
1.8370975
1.703316
1.7793678
1.6255451
1.7666385
1.8094187
1.8118378
1.8060869
1.8713773
1.880503
1.7565823
1.8181645
1.8412898
1.8037258
1.903108
1.7091634
1.8733867
1.6956432
1.825691
1.9359576
1.8352114
1.891229
1.8257755
1.910692
1.8968728
1.8431559
1.7864755
1.8482109
1.7451003
1.7990167
1.8925034
1.952488
1.6997993
1.9562805
1.8967235
1.8181223
1.7440093
1.973435
1.8588785
1.696085
1.9465271
1.7900734
1.9053276
1.8021872
1.7024086
1.7825365
1.6404037
2.0486577
1.8582386
1.7878227
1.9912813
1.9321716
1.9269755
1.8070132
1.891021
1.691219
1.9597902
1.9405272
1.8555167
1.7825453
1.8274782
1.9164938
1.8966801
1.7847764
1.8025258
1.7720627
1.8354723
1.7979119
1.9136429
1.8908399
1.8324926
1.8327646
1.7023561
1.8354439
2.0924554
1.9330587
1.8137643
1.8702204
1.8092897
1.8351984
1.8026088
1.8707993
1.9021343
1.7503669
1.8899734
1.7075802
1.8218743
1.6955833
1.7883679
1.8419355
1.9159918
2.001491
1.8077748
1.933306
1.8583435
1.8478816
1.7972025
1.7535566
1.7800596
1.7798878
1.7508194
1.7409098
1.8149652
1.8427093
1.8831272
1.8552177
1.8102572
1.7167671
1.8417953
1.7409089
1.9092659
1.7813896
1.8578303
1.7706219
1.7907778
1.9593827
1.8483101
1.913133
1.7278974
1.8628652
1.8351456
1.7854092
1.8183825
1.7008091
1.8337986
1.9008926
1.9335134
1.8380814
1.8499191
1.7977192
1.7528927
3.8415573
1.8997288
1.8840526
1.7946392
1.648969
1.768005
1.7182539
1.8823547
1.7929054
1.8015066
2.007522
1.889183
1.822387
1.9024723
1.9610363
1.9031614
1.8186588
1.8091345
1.701101
1.8180794
1.7725973
1.7300444
1.9299845
1.7698767
1.7841669
1.929052
1.8937124
1.8112354
1.9807823
1.9022354
1.890691
1.7245605
1.8977592
1.8073734
1.8021479
1.9408789
1.9767797
1.763228
1.8098385
1.808857
1.8914654
1.9359396
1.8762703
1.8741858
1.838788
1.7747453
1.9040785
1.810175
1.8531392
2.0444446
1.9495192
1.8420731
1.9825674
1.884166
1.8563353
1.9166548
1.8398466
1.7369022
1.9452988
1.8272307
1.8370667
1.6911083
1.8425715
1.9526268
1.9485195
1.8145816
1.8571682
1.8179092
1.9019301
1.8663107
1.914312
1.7331327
1.7672758
1.9017206
1.8477242
1.6452076
1.957024
1.8531106
1.9557346
1.867189
1.8760624
1.753546
1.8339291
1.7172382
1.8698635
1.7959144
1.7382969
1.7367
1.8141642
1.7635664
2.0393755
1.7687337
1.8009672
1.8434689
1.8323196
1.9102806
1.8842901
1.7998993
1.8124402
1.6572994
1.9350483
1.7699747
1.8815365
1.8162377
1.6119521
1.8201187
1.8731388
1.724336
1.9711682
2.0889328
1.8545487
1.7877817
1.8487772
1.9070542
1.7478727
1.8276932
1.7125385
1.8479183
1.8968576
1.8313309
2.0221238
1.8439877
1.8684162
1.8016421
1.7629225
1.9383548
1.8203537
1.6905874
1.7638438
1.8516009
1.7764419
1.8035305
2.0210006
1.9842281
1.9280107
1.8872745
1.92396
1.9274168
1.8242912
1.8256073
1.8085283
1.8293962
3.8027236
1.8491853
1.8800972
1.7453525
1.8274262
1.9305
1.9019654
1.7615376
1.8821583
1.8610611
1.729063
1.7468351
1.753054
1.6613047
1.7903395
1.7387035
1.796829
1.7542903
1.8119059
1.772184
1.9478321
1.9095443
1.7638814
1.7455318
1.8698614
1.7444572
1.8510574
1.8329748
1.7097337
1.8759514
1.9230373
1.9594673
1.6751074
2.0369236
1.8100885
1.9968647
1.804488
1.8199383
1.826627
1.7037967
1.9371488
1.7923578
1.84506
1.842926
1.7743185
1.7760948
1.7426617
1.917762
1.7093111
2.079009
1.8332983
1.8268235
1.9100329
1.8405154
1.9222349
1.7622429
1.8827703
1.908001
1.9888325
1.9836719
1.859782
1.7052326
1.9101055
1.9406931
1.7774423
1.875753
1.9141147
1.8986849
1.8373816
1.9622307
1.7391983
1.9503914
1.832813
1.8156353
1.721192
1.8255999
1.9381399
1.9465415
1.7071207
1.8840723
1.8614737
1.8889593
1.8310583
1.8717741
1.8304513
1.7218864
1.6216152
1.7516663
2.0159276
1.8421398
1.9102939
1.8219578
1.8915764
1.7762026
1.8120579
1.8066231
1.8813721
1.7286227
1.9037842
1.7296159
2.048853
1.7604663
1.9521391
1.9688771
1.7299324
2.0174782
1.7470932
1.8462769
1.9692713
1.9116421
1.8240654
1.6241236
1.7416542
1.7754179
1.8038718
1.7920281
1.9159784
1.8847288
1.8072675
1.7581971
1.9039199
1.7757194
2.032393
1.8544239
1.7719482
1.7331264
1.8265108
1.8741496
1.7030777
1.8479965
1.7492902
1.8680127
1.93424
1.7910284
1.7639692
1.7549794
1.8894132
1.8796232
1.7772205
1.8602673
1.8350668
1.9654671
3.4987373
1.7691147
1.7961676
1.7283818
1.753789
1.7030998
1.7830725
2.0152655
1.860074
1.7186035
1.8379948
1.8128662
1.9567115
1.8777378
1.7643868
1.8474754
1.9242697
1.7652273
1.7142092
1.8050979
1.897443
1.8343321
1.8227587
1.7480847
1.7928782
1.9160551
1.7818798
1.7508419
1.7307411
1.8783115
1.7717559
1.857713
1.8262218
1.7608814
1.7331489
1.866864
1.8289093
1.899739
1.7114023
1.829999
1.6775444
1.8339161
1.9310553
1.8798482
1.7920702
1.7845644
1.7748607
1.6939945
2.0080695
1.7918606
1.7971722
1.8176758
1.8577936
1.8971758
1.7553537
1.6924355
1.7984788
1.8318983
1.8739258
1.7728364
1.8063786
1.8933115
1.9049635
1.7813184
1.720072
1.8168576
1.8045349
1.925297
1.7557018
1.6721321
1.7340758
1.8839334
1.9177182
1.9253266
1.800092
1.8981606
1.8052151
1.8295425
1.7276475
1.7861086
1.9726074
1.9089804
1.655751
1.8356831
1.6849287
1.8097855
1.6753565
1.8256086
1.8721424
2.198031
1.8772135
1.9660263
1.9369857
1.8850893
1.8414915
1.7913761
1.9396727
1.7677227
1.8525757
1.9619224
1.734039
1.9071366
1.7817919
1.9027618
1.8276304
1.8711541
1.9133062
1.8778301
1.7947019
1.9356358
1.7316799
1.877244
1.7899872
1.9125904
1.7525097
1.8328893
1.704503
1.9535007
1.7227833
1.7929618
1.9044155
1.8644634
1.8948405
1.8925631
1.8788064
1.9376068
2.046391
1.6529758
1.7718527
1.755059
1.8205528
1.8108193
1.8653107
1.7686411
1.8441122
1.8586347
1.7829256
1.8111069
1.7196385
1.874266
1.7946669
1.667524
3.646975
1.6629614
1.9194618
1.7885574
1.7021481
1.9362656
1.9461124
1.8469025
1.8304249
1.8383745
1.9436966
1.7657465
1.8859905
1.9050297
1.8850323
1.8209118
1.8772408
1.9140272
1.7705116
1.7436157
1.8878953
1.7552084
1.9264383
1.8850291
1.9977591
1.8217938
1.8365891
1.9740862
1.8221172
1.8120496
1.7800732
1.8633484
1.8053923
1.9424362
1.8486328
1.8813931
1.7810838
1.7577152
1.8996432
1.7885193
1.973539
1.7802956
1.7525826
1.8747879
1.7721817
1.7161537
1.8866374
1.7241423
1.7939562
1.846612
1.7817644
1.8177783
1.7536151
1.8333547
1.9108365
2.0888171
1.7601515
1.7198381
1.7498655
1.7798942
1.9239483
1.8139122
1.901356
1.836499
1.7311519
1.8011787
1.8534886
1.9683104
1.9447777
1.7916372
1.7963095
1.7751211
1.87443
1.7521684
1.8968115
1.9514265
2.0295308
1.8297522
1.8691273
1.8615259
1.9687675
1.55282
1.9697453
1.831843
1.722463
1.901007
2.0746937
1.8435924
1.9985628
1.8792025
1.8289444
1.6596966
1.7759444
1.9650205
1.8312685
1.7976917
1.8207188
1.7760623
1.8045696
1.7867653
1.8663282
1.8925273
1.6741165
1.9396025
1.7929294
1.772941
1.7992103
1.8538487
1.7645867
1.8887584
1.8707297
1.7621822
1.8718761
1.8470478
1.7183449
1.9068859
1.8358504
1.7967784
1.8008446
1.7557728
1.730415
1.7937952
1.7989231
1.8637279
1.8534536
1.8755916
1.8057915
1.8240626
1.6801516
1.749205
1.884496
1.8557075
1.6337239
1.7981373
1.8281282
1.870466
1.7709373
1.871362
1.877919
1.6679316
1.9989059
1.916701
3.851907
1.835508
1.9304607
1.8107584
1.7257473
1.7784363
1.769335
1.7785143
1.910125
1.8031852
1.7688097
1.936405
1.7049526
2.21007
1.8060564
1.893844
1.8824533
1.7571408
1.7827156
1.8770018
1.7323478
1.8844497
1.8710829
1.9030476
1.8521721
2.0999331
1.9759941
1.7884012
1.8200219
1.969992
1.9532751
1.8733295
1.9255651
1.7257087
1.9047344
1.7714202
1.7945789
1.8638529
1.9364418
1.8430458
1.9530325
1.8450428
1.883159
1.9587905
1.9340891
1.9261339
1.7916057
1.7606242
1.9033728
1.7765121
1.9762943
1.7800566
1.8579938
1.8259691
1.8882926
2.0272517
1.6546103
1.7617744
1.6437582
1.6952486
1.8088236
1.8296083
2.0260158
1.8951336
1.7216289
1.752801
1.852472
1.6713707
1.9463015
1.845116
1.8000151
1.7284359
1.8044255
1.8914566
1.8542564
1.7081864
1.9180081
1.9535129
1.8967268
1.7759396
1.766999
1.9902279
2.015083
1.7293656
1.7738409
1.8410673
1.7918946
1.7904241
1.9955009
1.891682
1.8374159
1.8381598
1.9639282
1.893014
2.007584
1.7165747
1.905999
1.8715261
1.9017925
1.7461792
1.9118751
1.8795297
1.7794262
1.9128783
1.9274744
1.7173636
1.9979893
1.760905
1.8571928
1.7805096
1.840752
2.0446062
1.8529806
1.7641693
1.8316599
1.7406008
1.7345625
1.7311566
1.8343092
2.0414078
1.7913992
1.7486856
1.9002893
1.836001
1.8052429
1.8993248
1.7913357
1.9263608
1.7202978
1.7919157
1.7977641
1.880943
1.9195198
1.8991973
1.7963517
1.8137953
2.2020824
1.8657433
1.7434632
1.8703716
1.8006411
1.7318265
4.2299643
1.7523075
1.8409277
1.8865544
1.7811615
1.7785208
1.7849032
1.78071
1.9631287
2.4354212
1.739752
1.8697741
1.8660151
1.8118305
1.8340228
1.9073654
2.0219219
1.8442913
1.8523353
1.9022391
1.7619555
1.9008509
1.9453427
1.7667614
1.8474438
1.7452595
2.0207536
1.7956825
1.768939
1.9421732
1.8594615
2.0563998
1.749656
1.9374253
1.8411391
1.9180565
1.7719822
1.7613271
1.887543
1.8069795
1.6457974
1.8531172
1.8148336
1.8110602
1.7395265
1.9488962
1.9551752
1.8396257
1.8073162
1.7033832
1.8580773
1.9475572
1.879096
1.9249446
1.7880249
1.8232224
1.9805704
1.9150467
1.8595527
1.864494
1.8403975
1.9616312
1.9232903
1.8534787
1.6800854
1.9355227
1.769414
1.8445705
1.9261353
1.8548187
1.8434223
1.8231583
1.905689
1.9380335
1.9231365
1.7714252
1.8346287
1.8500494
1.8121538
1.8522164
1.9547342
1.6893495
1.8369681
1.7856401
1.9076954
1.8180567
1.9951203
1.9272621
1.9948883
1.9480762
1.7350992
1.7685333
1.7399269
1.8613487
1.836134
1.9815578
1.8042414
1.8521576
1.9811808
1.8456337
1.8188378
1.7748909
1.692593
1.739118
1.7720143
1.8102461
1.8318579
1.8852034
1.9272057
1.8044533
1.8568252
1.694706
1.9245377
1.7462623
1.787677
1.8545498
1.8809369
1.8326203
1.8724155
1.9153566
1.8669838
1.7937771
1.8658707
1.8415506
1.7857046
1.8625431
1.776866
1.9028984
1.7723999
1.8484281
1.8542416
1.858757
1.7843249
1.7817154
1.749478
1.920178
1.9066473
1.7570995
1.9946438
1.9053619
1.9411777
1.9160101
4.148442
1.8505754
1.6960322
1.7758671
1.8742412
1.8710842
1.7955288
1.8565319
1.6589407
1.7903093
1.7499663
1.7259369
1.8070402
1.7845129
1.7069724
1.8280185
1.7707981
1.8833644
1.8095715
1.8784473
1.8040428
1.7071884
2.0680919
1.8983271
1.9373348
2.0479414
1.8626106
1.8575913
1.7788776
2.00591
1.8314145
1.7555034
1.8988569
1.8032347
1.7215059
1.9514542
1.883292
1.8576475
1.6281011
2.0051713
1.8853939
1.7182167
1.9241693
1.8943729
1.9752363
1.8112644
1.7712796
1.8790379
1.8681504
1.7311916
1.88009
1.918071
1.8881817
1.8996089
1.7749298
1.7834622
1.8654339
1.8600712
1.7599843
1.6913229
1.9029686
1.8537832
1.8521526
1.9768349
1.771635
1.9111284
1.886589
1.8562266
1.8342307
1.7202212
1.7490585
2.79364
1.7927091
1.8028433
1.9119946
1.7423394
1.7891182
1.8080909
1.8114092
1.7382828
1.8995968
1.7676655
1.8374116
1.8237292
1.9060303
1.7393138
1.8767779
1.7772863
1.7238076
1.9689534
1.9005905
1.7573369
1.9386151
1.8349245
1.8327919
1.8933852
1.7822046
1.6819557
1.9045181
1.9722815
1.7782128
1.859544
1.9704937
1.755161
1.7732979
1.6363224
1.6893209
1.834829
1.85267
1.703018
1.7563002
1.894792
2.0000105
1.8285446
1.7524809
1.8573191
1.7944162
1.6869282
1.8184998
1.9623865
1.9710051
1.7706642
1.7743324
1.9261391
2.0557275
1.9091651
1.8207833
1.8337498
1.8269756
1.8126624
1.8060315
1.7511518
1.7176359
1.9168736
1.9124258
1.7672794
1.7854372
1.8276398
1.6889273
1.8752143
1.9267752
1.7784334
4.14033
1.8109936
2.0858665
1.6592562
1.7930877
1.742683
1.705719
1.775563
1.9227165
1.7875481
1.9109249
1.7385273
1.7687509
1.9327503
1.6491665
1.8423733
1.7346452
1.8822734
1.7717304
2.0748134
1.7436173
1.838068
1.7180713
1.9232929
1.8218311
1.7852888
1.8594183
1.962641
1.8222166
1.65861
1.7213116
1.8145489
1.8040642
1.8279693
1.8276612
1.8095524
1.9422157
2.0117884
1.7947706
1.7988952
1.981872
1.7888047
1.867739
1.8883455
1.9448894
1.9206398
1.7295955
1.7979193
1.8361561
1.8360752
1.9762329
1.9425389
1.9454006
1.7492514
2.0359378
1.9212376
1.9002364
1.7488325
1.7985966
1.7474766
1.7165711
1.7933795
1.938702
1.8652319
1.8401566
1.6935517
1.798016
1.924888
1.8221858
1.953325
1.7566137
1.8781496
1.6861782
1.8653967
1.7897556
1.8592885
1.795508
2.037908
1.898441
1.7683296
1.8538558
1.8744646
1.8651329
1.7818577
1.7941128
1.8210007
1.8085938
1.9070629
1.7382977
1.9608059
1.9034278
1.7270882
1.8947208
1.9688715
1.7277355
1.7600269
1.8123577
1.839206
1.7984314
1.8500555
1.838541
1.9676526
1.6743428
1.7972095
2.0993676
1.745115
1.862806
1.788942
1.9966148
1.6970316
1.808643
1.820843
1.7264916
1.6910381
1.8117228
1.9759624
1.7424895
1.9042885
1.8433688
1.9501088
1.8981386
1.8572967
1.7670364
1.9625393
1.783699
1.8242334
1.8503659
1.8932188
1.9030777
1.9650652
1.9927187
1.8491017
1.9814326
1.8474509
1.6947258
1.9012775
1.811496
1.9795755
1.6756365
1.7243645
1.884284
1.8030059
4.935876
1.8952839
1.8942804
1.9371567
1.7971853
1.7456115
1.7834448
1.7948729
1.7989819
1.8674799
1.8286892
1.7348658
1.8379414
1.8329537
1.8822101
1.800935
1.7350271
1.7870433
1.8519592
1.8113372
1.7077196
1.849498
1.7914947
1.8738401
2.0059483
1.7904087
1.7659194
1.7695996
1.7897224
2.0198894
1.8555381
1.9036782
1.7630819
1.7377694
1.7161036
1.8720595
1.7135137
1.9100952
1.873257
1.8359241
1.6326269
1.9391534
1.9697088
1.7537458
1.6845486
1.8152506
1.8802986
1.8446035
1.8744004
2.0891287
1.7179533
1.8207483
1.9296051
1.8949543
1.8859533
1.9842732
1.833395
1.8467381
1.8537611
1.7183132
1.906427
1.7915018
1.8970171
1.7347883
1.7259538
1.8627176
1.7436783
1.9758723
1.7515913
1.8389461
1.8463964
1.8705254
1.856116
1.7684915
1.9462525
1.8731785
1.8266656
1.9235756
1.9003685
1.87393
1.7404642
2.0160074
1.8933834
1.6744196
1.8173578
1.8892043
1.8010056
1.763004
1.9520547
1.8768613
1.8526093
1.9406208
1.8734319
1.8566376
1.8536263
1.8042437
1.8795793
1.6881241
1.7498773
1.8676088
1.7820355
1.8587093
1.8349997
1.7995907
2.020679
1.8604889
1.790917
1.8600461
1.6638972
1.9132986
1.8940045
1.72487
1.8570284
1.6296558
1.8967632
1.8269331
1.8817196
1.8320366
1.8024371
1.8035195
2.0079198
1.8124592
1.9119974
1.939295
1.7149379
1.8833435
1.9497551
1.9378624
1.7989223
1.8312428
1.7930952
1.8667662
1.8102697
1.7279339
1.9909985
1.9547523
1.9784542
1.6469272
1.9946054
1.853014
1.8399327
1.6581619
4.1503987
1.8403031
1.89023
1.7220608
1.8173653
1.7991575
1.8673817
2.0003488
1.889354
1.7190164
1.9157789
1.8153942
1.8827502
1.8027929
1.7294152
1.8118881
1.7381556
1.8077577
1.7088941
1.8047043
1.9435968
1.9287214
1.9606342
1.9263067
1.8213867
1.828522
1.8433574
1.9189713
1.8819225
1.8536869
1.8475269
1.9076488
1.861165
1.8141105
1.8242267
1.9796417
1.8745582
1.8360695
1.8602314
1.8305187
1.9423834
1.9284637
1.9300232
1.7899139
1.7038666
1.7402604
1.9114077
1.9109333
1.7071365
1.8537474
1.8106906
1.8911793
1.7744389
1.9924726
1.9292701
1.7645085
1.6678584
1.7698768
1.8311981
1.6983286
1.9366907
1.8869776
1.7787578
2.0766022
1.9746746
1.8258607
1.9043564
1.8442509
1.8998677
1.7924864
1.7497219
1.7108238
1.8123153
1.758042
1.761296
1.9239864
2.00478
1.707997
1.8632176
1.7738203
1.8505108
1.8463033
1.9412062
2.0666695
1.8950541
1.6057303
1.850569
1.791003
1.7119582
1.7832664
1.7899046
1.815086
1.8446735
1.7726519
1.8269097
1.7871654
1.8153241
1.7483158
1.8054836
1.832
1.8081577
1.8893473
1.8231223
1.9072502
1.8193338
1.9295361
1.8686587
1.832805
1.790402
1.8852913
2.0838292
2.0230834
1.7766349
1.9223315
1.7594109
1.8165948
1.9808155
1.8019867
1.8235464
1.9122982
1.751393
1.9528246
1.7387453
1.90993
2.018986
1.7695563
1.8545363
1.8021663
1.9653686
1.7296383
1.9624027
2.0002584
1.7191374
1.8760437
1.8391416
1.8308481
1.9094578
1.7123468
1.9303503
1.9879313
1.8194456
1.7830994
4.3815727
1.8345925
1.9488201
1.9177355
1.7986763
1.8344831
1.9660847
1.8870872
1.6236279
1.8448232
1.9790819
1.8499792
1.7226312
1.8353943
1.8495827
1.8295988
1.7446582
1.8535656
1.7592547
1.930327
1.8919017
1.8101943
1.9076469
1.9189651
1.9589956
1.9598938
1.719161
1.9669558
1.8863747
1.8576727
1.6975453
1.7779047
1.7776711
1.7318552
2.008572
1.8635883
1.8179423
1.9417846
1.9288365
1.7596928
1.8654187
1.6584991
1.978606
1.8084247
1.8485512
1.8828892
1.9614636
1.8426411
1.7935416
2.0443373
1.9533666
1.9484068
1.8654932
1.7682943
1.834314
1.9202753
1.7897127
1.8209091
1.8944527
1.7285175
1.8925922
1.9008518
1.7619798
1.8457897
1.849365
1.7575471
1.8914125
1.8803085
1.7653539
2.0435195
1.875089
1.9387442
1.9906527
1.7927773
1.8828018
1.9143776
1.8471857
1.901727
1.9529407
1.7606491
1.7841599
1.8787152
1.845288
1.7629919
1.8151197
1.953749
1.8894135
1.8308208
1.831353
1.9443102
1.836076
1.7567002
1.6414063
1.9086571
1.798056
1.7475624
1.9748958
2.0824811
2.0044954
1.8847988
1.887469
1.8574775
1.974768
1.8377107
1.9453577
1.9235611
1.9637845
1.8718408
1.8513973
1.8704294
1.9687035
1.9666898
1.7199455
1.8817314
1.7486407
1.8660942
1.9214175
1.7381289
1.9632761
1.8165779
1.946772
1.8652353
1.8526615
1.7315699
1.9293236
1.8837236
1.9377067
1.9534143
1.7564499
1.8093722
1.8777525
1.8278377
1.6394752
1.8712347
1.833695
1.9104359
1.8326464
1.8932374
2.010439
1.7666304
1.749073
1.962624
4.4359145
1.9889796
1.9402466
1.8295438
1.7774518
1.8769935
1.9230578
1.8703457
1.7880971
1.8335187
1.872922
1.8741707
1.9624046
1.7567952
1.9628435
1.7792097
1.7618736
1.9637575
1.5939949
1.8887593
1.779369
1.8457855
1.9761221
1.7603163
1.8883003
1.7797791
2.0581672
1.7993128
1.7278115
1.8754944
1.9184391
1.8150694
1.9473016
1.7114756
1.7802588
1.8183215
1.8593117
1.9826933
1.8815281
1.8504883
1.9748237
1.8760868
1.8979727
2.028228
1.7765386
1.8423531
1.9128628
2.2329786
1.8128502
1.6207864
1.8748204
1.7448242
1.6865861
1.9275944
1.9496393
1.9572306
1.9552027
1.9282153
1.8519796
1.8703861
1.7678934
2.0704176
1.9117777
1.9043453
1.8262457
1.8264405
1.8222101
1.7605293
1.8564284
1.7268797
1.8946098
1.708407
1.9680579
1.8600632
1.8146521
1.8485963
2.041339
1.7803333
1.7735103
2.0151706
1.7584362
1.785623
1.8897171
1.7825177
1.809119
1.9299104
2.0287938
1.9952236
1.8917933
1.8325651
1.8204231
1.9693344
1.7939546
1.6474588
1.8571066
1.9570808
1.9095167
1.8928849
1.7592627
1.7201214
1.7738298
1.8827366
1.9410725
1.9058567
1.9999313
1.7408336
1.7084773
1.8887069
1.7203386
1.7705075
1.86091
1.8508015
1.7873957
1.8952458
2.001225
1.7293516
1.6568937
1.791489
1.8368515
1.7209352
1.796738
1.7973925
1.734869
1.8871753
1.8523109
1.8356326
1.8413404
1.8057445
1.9309946
2.006148
2.1204123
1.9283469
1.8453281
1.8620192
1.8722289
1.998045
1.9649546
1.8536249
1.7937568
1.8307574
2.0436158
1.8672689
4.6973376
1.7667404
1.8502343
1.6815054
1.8104804
1.7990593
1.7854809
1.9542406
1.9358822
1.7829132
1.8125849
1.7339404
1.861598
1.9025285
1.9007839
1.9778242
2.077852
1.7465576
1.7120826
1.8048633
2.0121465
1.8144169
1.9384515
1.7313521
1.9694369
1.8775057
1.7148545
1.8665848
1.9361303
1.798343
1.6927658
2.0192223
1.8389809
1.8411558
1.7744553
1.7993752
2.0822725
2.0321436
1.9586351
1.8123295
2.0394063
1.8615414
1.7802006
1.9156765
1.969691
1.9846172
1.826812
1.6654114
1.8913711
1.7411884
1.8088773
1.938741
1.83739
1.8860235
1.8464609
1.7577436
1.835542
1.6989689
1.8087311
1.7439963
1.7792797
1.8343585
1.9658883
1.8688635
1.9783226
1.9137894
1.8676279
1.9357132
1.8428955
1.804396
1.9881966
1.7716383
1.8579443
1.968222
1.9209597
1.9043083
2.0134156
1.8551166
1.8224834
1.7674719
1.8355366
1.8134352
1.9119585
1.7361281
1.8598206
1.8296362
1.8454498
1.8394935
1.8307644
1.7131437
1.8787696
1.9068146
1.8650509
1.9658476
1.885451
1.8838577
1.7722248
1.8939327
1.756617
1.6725171
1.9012095
1.9033601
1.8957417
1.9084104
1.9295931
1.7542549
1.8661964
1.8166357
1.8837179
1.7178657
1.984059
1.7587125
1.9300215
1.7960886
1.7056271
1.6354723
1.9522966
1.8785398
1.8626592
1.7392972
1.8711382
1.8456917
1.867807
1.9027853
1.8505876
1.8071432
1.7630394
1.8923603
1.7673273
2.0659413
1.8456335
1.916694
1.8149624
1.777796
1.8347229
1.8516592
1.86398
1.9136074
1.8281857
1.9413922
1.9037304
1.7862526
4.51569
1.8820877
1.8409567
1.8578583
1.9139789
1.9745274
1.8761431
1.7400043
2.048388
1.7854912
1.8344879
1.8907077
1.8175676
1.8881648
1.8857431
1.8394082
1.901007
1.8331807
1.9190489
1.8861758
1.9352785
1.8842075
1.9097507
1.8320433
1.8127676
1.9724458
1.901178
1.8802449
1.9299732
1.7247279
2.0300615
