9.903526
3.8761277
3.138698
2.960219
2.8695738
2.4078336
2.611562
2.450536
2.526218
2.3043904
2.427279
2.3729467
2.346262
2.4109073
2.3339834
2.3456445
2.2800303
2.236379
2.3006346
2.3091564
2.2859216
2.3504062
2.2480452
2.2195425
2.2226999
2.202758
2.1646256
2.2364986
2.1647031
2.15305
2.1205635
2.2062373
2.2547164
2.1984837
1.9872329
2.2196991
2.1915348
2.2789664
2.171114
2.0332165
2.1468978
2.0171597
2.1178365
2.185762
2.128986
2.2274826
2.2100856
1.9960165
2.0140085
2.0629032
2.0740447
2.131222
2.1356041
1.8711469
2.1316257
2.1494944
2.1370263
1.8977486
2.0736256
2.0491018
2.047762
2.0068755
1.9282516
2.02941
2.104806
2.082194
2.0393682
2.2245674
2.155356
1.9045645
1.9969814
2.0027432
2.228188
2.0689073
1.9505246
2.0741353
1.9292974
1.997953
1.9612929
2.0296862
1.9997442
2.054798
2.182897
2.1737988
2.1092086
1.8932346
1.9902996
2.0409074
2.0645337
2.0485964
1.8889517
1.9392487
2.0488334
1.9857638
2.0975924
2.0760734
2.0283597
1.72124
1.9717852
2.050663
1.8947977
2.0027235
2.011547
1.9700333
2.1005967
2.0428548
1.9943349
1.953175
1.9608341
1.8673172
1.9123695
1.9824272
2.0895205
2.0739794
1.8295857
1.9078737
1.9521952
2.0238676
1.9995043
1.8452187
2.097638
2.0126634
1.8912605
1.8515285
1.9265333
1.9036672
1.8867133
1.9992077
1.9515407
1.9798915
1.9123881
1.9970007
1.9601247
1.902626
1.912524
2.080745
1.8215116
1.8713789
1.8458607
2.0329044
1.9117444
1.9940933
3.4814594
1.9381657
1.9008563
1.9059194
1.9249992
2.041754
1.8650239
1.9240115
2.0045748
1.8372036
1.9320381
1.8891518
1.9748278
2.0617545
1.9026134
1.8986533
1.9684054
1.9453522
1.8220402
1.9460949
1.8899523
1.9613072
1.762985
1.9366791
1.9070761
1.8647906
1.9859257
2.0696137
1.9723756
1.9707134
1.8525779
1.9251276
1.9707944
1.9163748
1.9615104
2.0263073
1.9512335
1.9359306
1.9743267
2.0202096
1.9208994
1.9675224
1.800898
2.1420193
2.0672495
1.9792589
2.0321364
2.0255198
1.9294335
1.949682
1.9244633
1.9688771
1.8697481
1.8406101
1.9475065
1.9538666
1.8182402
1.7961792
1.9346564
1.9961092
1.8663365
1.9403139
1.9182026
2.043309
1.9459486
1.9277436
1.8790982
1.9011097
1.9268522
1.9321874
1.9233828
1.9318721
1.7748104
1.9091355
2.0538516
1.9817263
1.9699323
1.9119726
1.7364712
1.978472
1.8106682
1.9590786
2.0194337
1.765084
1.8253765
1.867553
1.806256
1.7265428
1.8526342
1.7416264
1.9552567
1.8421377
1.9336798
1.8874362
1.8520834
1.9347422
1.9073684
1.8485577
1.903374
1.822532
1.7618392
1.8172305
1.9334456
1.8783085
1.8321621
2.0233283
1.9896806
1.9364554
1.9133793
1.9015917
1.9467437
1.9904665
1.8777853
2.0394566
1.7747574
1.8892734
1.909131
1.965678
1.9050945
1.9514656
1.8416183
1.9102274
1.8842494
1.9044288
1.7239224
1.8740427
1.9061486
1.9575027
1.8465265
1.7859799
1.8484075
1.8887937
1.795201
1.9650009
1.9554977
2.0073078
1.8312318
1.9304317
1.8395408
1.8260171
1.9213269
1.8741868
2.399141
1.779247
1.9369404
1.8763316
2.011422
2.0271914
1.867919
1.9130195
1.9462618
1.9129814
1.9762138
1.8461964
1.8266315
1.8815944
1.8256212
1.8698452
2.133075
1.8364128
1.8938074
1.989345
2.0033443
1.9444621
1.7862297
1.83905
1.9367211
1.77091
1.8148143
1.8309479
1.9070339
2.0082872
1.9542421
1.7699394
1.8661861
1.8333534
1.7991804
2.0015864
1.8437243
1.7897499
1.9839048
1.9186413
1.948066
2.0064623
1.9055074
1.8465077
1.9236577
1.896199
1.8476976
1.951663
1.9574531
1.9078848
1.9519295
1.8711593
1.9013338
1.9680157
1.7988226
1.9278643
2.067473
1.9381527
1.897047
1.9858036
1.8571697
1.8602703
1.9047887
1.8506908
1.8887768
1.8150965
1.9346716
1.9274343
1.8382232
1.7946972
1.9256245
1.9684353
1.8662596
1.8318743
1.8642098
1.7801378
1.7707491
1.7530234
1.9422582
1.9055353
1.800354
1.9931686
1.8192412
1.8590527
2.0347722
1.8663123
1.7830608
1.8124771
2.0042071
1.9051113
1.8912271
1.922457
2.0309513
1.8962195
2.005776
1.9580517
1.7737105
1.8946167
1.8579327
1.9352331
1.8859411
1.8935922
1.9005665
1.9982195
1.811936
1.9162422
1.7788985
1.8709522
1.9392385
1.9060895
1.8810129
1.7022613
1.9499756
1.7382495
1.9587262
1.9090002
1.9665718
1.8104635
1.9573319
1.8492658
1.8357604
1.8835157
1.9695034
1.8748894
1.9380947
1.8395125
1.9014671
1.8911844
1.9404701
1.9999745
1.9268789
1.8843873
1.8181484
1.7009871
1.8687954
1.7528818
1.8908913
1.9051247
1.8978901
1.8962498
1.9226036
1.911864
2.418861
1.9453987
1.8127673
1.9856161
1.8259779
1.8591337
1.7837279
1.8360758
1.8673217
1.8984255
1.7851003
1.8647064
1.8981817
1.7591136
1.8921568
1.9529619
1.8448406
1.9586885
1.7450405
1.7642056
1.8607733
1.8693672
1.9739578
1.784468
1.7843456
1.9963138
1.871774
1.7858293
1.7985089
1.7997401
1.9684651
1.7127559
1.8536249
1.8343649
1.9151434
1.8994595
1.9805565
1.8755693
1.9638945
1.8481514
1.8158624
1.8982179
1.8288367
1.8092091
1.8549852
1.929816
1.9351025
1.8324153
1.7862988
1.8560245
1.7938302
1.8870999
1.8876575
1.9277947
1.9095522
1.9260244
1.9223102
1.9172062
1.7599895
1.9121006
2.0134628
1.9853954
1.8610595
1.7904876
2.0187414
1.9495131
1.9242346
1.8859892
1.7817829
1.9736456
1.7895105
1.8659456
1.9640787
1.8473599
1.8329357
1.8193324
1.8366226
1.7612702
1.756161
2.0275645
1.9110998
1.8521179
1.8295562
1.8741184
1.8469976
1.8510954
1.897155
2.0082817
1.8245513
1.7914375
1.8160133
1.7934259
1.7443129
1.8401674
1.8367996
1.819732
2.0032957
1.612653
1.8923819
1.9948428
1.9274547
1.9524238
1.9508228
1.9157133
1.8682587
1.761996
1.8983961
1.9466807
2.0165634
1.877063
1.9721743
1.9502035
1.793815
1.9284433
1.8350236
1.6531318
1.7816178
1.7076807
1.7364562
2.0288172
1.8244206
1.8501928
1.8622185
1.8608859
1.9013226
1.9201288
2.1485333
1.8853858
1.8330396
2.0468042
1.9095513
1.8434865
1.8054645
1.8260777
1.7654932
1.9490569
1.7642918
1.9190187
1.9517018
1.7967718
1.867481
1.8729992
2.3624103
1.8892357
1.889682
1.8715101
1.8360631
1.797361
1.8924694
1.855846
1.786896
1.9404033
1.8011204
1.9090698
1.8679329
1.8382314
1.9376215
1.9854879
1.9610081
1.9077832
1.9188617
1.7502486
1.6959461
1.7628578
1.8255879
1.8515037
1.8778032
1.773619
1.9393994
1.6583502
1.8880106
1.9106086
1.9782492
1.8649477
2.0358453
1.7646488
1.7438679
1.7016268
1.9537157
1.7180214
1.901913
1.7485651
1.952591
2.0244927
1.8864723
1.8585491
1.9743817
1.9029028
1.7567809
1.7353966
2.0828166
1.7793312
1.7300135
1.9550976
1.9211128
2.0090094
1.7575457
1.8975605
1.8258998
1.8250513
1.9358308
1.7742468
1.8774408
1.848724
1.9248327
1.7915195
1.9686439
1.7399721
1.7568563
1.9058628
1.8026088
1.7489254
1.8875672
1.7666041
1.8849398
1.8711411
1.8395889
1.9210491
1.7571913
1.9303383
1.7505052
1.802448
2.069937
1.9657463
2.0552354
2.02852
1.9580975
1.7860432
1.9018131
1.8729382
1.8997076
1.8194454
2.0699496
2.042984
1.8065933
1.741333
1.8172648
1.8746313
1.7678019
1.8815628
1.9173243
2.04774
1.8833752
1.9117543
1.9016911
1.9369726
1.8305485
1.9378983
1.8411896
1.8430376
2.0381615
1.883613
1.9515133
1.8129685
1.858008
2.0049489
1.7689091
1.9148033
1.8626544
1.7959793
1.9183121
1.8417575
1.9353015
1.9390562
1.8812252
1.7581465
1.9698929
1.8197218
1.8654617
1.7995918
1.897515
1.8443848
1.9628067
1.9205745
1.8660179
1.7519903
1.725433
1.9071919
1.8486637
1.7523959
1.8494558
1.8414406
1.8685167
1.9142678
2.363274
1.8365252
1.8117682
1.9159534
1.8241411
1.8935404
2.004345
1.8369545
1.8695596
1.8080593
1.7670953
1.9106268
1.9200529
1.9055779
1.9083236
1.9484783
1.9239985
1.6872171
1.7674402
1.8618336
1.8619645
1.8887537
1.8983666
1.7985942
1.9682987
1.8516452
1.8239387
1.8668463
1.817544
1.8793453
1.9202278
2.054415
1.9451478
1.9257164
2.042789
1.8171707
1.8743305
1.7639427
1.8332268
1.8424183
1.8036274
2.1155345
1.8114574
1.8800348
1.8369001
1.8261961
1.8115784
1.6608032
1.7675564
1.8402828
1.7351122
1.927796
1.739015
2.0303636
1.8124039
1.7172982
1.9050474
1.8282356
1.974371
1.9150112
1.887344
1.8637085
1.7905432
1.8505424
1.6639344
1.8545055
1.959132
1.7356106
1.7699149
1.8561487
1.7366778
1.8563629
2.0197787
1.6884295
1.8825247
1.7965939
1.865709
2.0908434
1.9498079
1.6478647
1.8555895
2.0152
1.6730921
2.083842
1.8618727
1.7726829
1.8339722
1.883332
1.9056342
1.7752597
1.8136734
1.9952987
1.7099533
1.8719656
1.8411028
1.8618548
1.6467094
1.9653823
1.7833135
1.8210589
1.7719638
1.9591824
1.8464577
1.9314363
1.8130249
1.8583883
1.8349813
1.8505018
1.8852756
1.8717756
1.8004229
1.9403919
2.0022838
1.9087026
1.7961738
2.0602307
1.7813385
1.845076
1.8991712
1.7573866
1.9000466
2.21745
1.7448552
1.9368874
1.9842345
1.8399122
1.9343834
1.853735
1.7332993
2.0338476
1.9316435
1.7887278
1.8135799
1.8518875
1.8988171
1.8822476
1.9062294
1.8616921
1.8782794
1.8021357
1.890805
1.7997653
2.233369
1.9024227
1.819596
1.7860562
1.9327126
1.9542129
1.8701279
1.7347953
1.7729547
1.8179089
1.8121593
1.8786958
1.9246727
1.7843441
1.9227024
1.8561814
1.8795258
1.993487
1.937989
1.7214897
1.8701884
1.8559964
1.7709138
1.8191563
1.8377383
1.7643791
1.7397159
1.9066108
1.8628038
1.8626153
1.8769802
1.8070629
1.8299366
1.9060276
1.9653403
1.8031353
1.8324871
1.8603634
1.6856918
1.9608366
1.7345705
1.770141
1.8910797
1.8054949
1.9020876
1.9043785
1.7985795
1.7532421
1.8672009
1.8609177
1.8011576
1.8299328
1.7315662
2.2627273
1.8679222
1.863047
1.9610218
1.919165
1.6817503
1.8096396
1.83157
1.9024575
1.7195238
1.9660282
1.8854027
1.8208692
1.7969272
1.8681834
1.8630769
1.9864912
1.9063383
1.8257561
1.9310493
1.7807572
1.7041546
1.8638779
1.7325838
1.8230364
1.8404135
1.7446594
1.8624268
1.7978983
1.8835043
1.8414196
1.9102364
1.7579817
1.7588043
1.8814443
1.8758831
1.8645691
1.7573385
1.7081391
1.8961389
1.8016894
1.7354304
1.9890426
1.8105419
1.9108269
1.8677534
1.796489
1.6718302
1.7897215
1.7447681
1.90119
1.9317596
1.9339081
1.8413938
1.8210897
1.7599003
1.807587
1.9301531
1.781023
1.7561766
1.8649286
1.9099772
1.8398224
1.7984673
1.8791935
1.7605543
1.8421471
1.8600771
1.8764946
1.8257959
1.7933607
1.932778
2.0904381
1.9026867
1.9491494
1.8433212
1.8026397
1.9480088
1.6661232
1.8600334
1.8266932
1.84738
1.7523178
1.7368971
1.7162765
1.9114304
1.901878
1.9491838
1.838434
2.1229591
1.8109487
1.8330688
1.8842313
1.8375546
1.8444515
1.8892483
1.9506056
1.7655941
1.91744
1.8288174
1.8639864
1.8604438
1.9300112
1.9120296
1.6673781
2.0008569
1.9041446
1.9790958
1.915734
1.876024
1.9784151
1.7410276
1.9243777
1.851332
1.9275618
1.9484209
1.9592688
1.9462198
1.86463
1.8070043
1.8782196
1.801989
1.8300632
1.852985
1.9392815
1.9035896
1.699056
1.9238918
1.9678249
1.9280779
2.0338664
1.833395
1.7965775
1.9893049
1.6561286
1.7991301
1.9684465
1.7791458
1.8399423
1.8331296
1.9678618
1.8635229
1.7330366
1.8781742
1.9225734
1.8668439
1.8044398
1.7768415
1.6690763
1.875643
1.9737713
1.9092823
1.9413017
1.831356
1.7714026
1.7820193
1.9782364
1.8306777
1.8328226
2.130652
2.0389054
1.8580906
1.814859
1.75022
1.8953778
1.8126152
1.738286
1.9786236
1.8114733
1.6731491
1.940286
1.7368542
1.7906034
1.9256563
1.8578231
1.8880711
1.9801433
1.9301939
1.843025
1.8856891
1.836232
1.818917
1.9152864
1.8128217
1.948333
1.8904482
1.8605804
1.977116
1.917836
1.8303894
1.8496567
1.8448807
1.9046934
1.7922261
1.8457016
1.9094849
1.793791
1.8843435
1.905206
1.7221886
1.6530739
1.8601999
1.7095912
1.8489492
1.9410734
1.8774275
1.9328829
1.7475185
2.0826025
1.8535645
1.9053618
1.8825085
1.7427263
1.9260883
1.8707441
1.9433349
1.9345691
1.7786913
1.866771
1.7882229
1.90811
1.9949213
1.8712095
1.8732212
1.8438776
1.7578094
1.7674019
1.8320961
1.8984493
1.7639284
1.839859
2.2947326
1.8450342
1.8128694
1.9583368
1.9190699
1.8738098
1.7678988
1.8038191
1.9130347
1.8243186
1.7250884
1.8513056
1.8011103
1.8550332
1.7299907
1.8927933
1.7600603
1.791592
1.775178
1.8071792
1.6953739
1.6576725
1.8735955
1.9640182
1.8649886
1.9029777
1.9353535
1.9442152
1.805192
1.8904499
1.8403075
1.8188446
1.7850904
1.7503195
1.7915411
1.9172885
1.7282944
1.6952436
1.9195433
1.7967966
1.7973835
1.9061693
1.7748325
1.8300817
1.8708763
1.9171698
1.880245
1.8267456
1.8403679
1.849987
1.8434893
1.7711636
1.9343803
1.8764054
1.7080864
1.6308715
1.8472106
1.9785792
1.779664
1.8070561
1.8932488
1.9917046
1.8273246
1.7794106
1.95765
1.8169746
1.8701531
1.8840685
1.7965248
1.8512433
1.9278466
1.7708542
1.9895618
1.7834778
1.8710911
1.6869438
1.8641781
1.8063005
1.8292408
1.8949982
1.8433313
1.9708729
1.8105294
1.9028442
1.9331229
1.9602168
1.8996418
1.8203751
1.9561676
1.9212682
1.8633797
1.8600849
1.8403934
2.0477405
1.8220704
2.036448
1.7797979
1.9791826
1.9170992
2.0289624
1.8125261
1.9251864
1.9005921
1.8003738
1.9035984
1.6832998
1.990752
1.6617644
1.8282182
1.9267375
1.952836
1.6974456
2.0242295
1.8960251
1.9454683
1.9904721
2.205995
1.9183624
1.7943208
1.8773506
1.9297155
1.8324411
1.913257
1.8675753
1.6960351
1.8803078
1.8805606
1.8704996
1.724869
1.7633002
1.5181873
1.9540695
1.8860136
2.0363996
1.9574707
1.8914982
1.8380878
1.863821
1.8599476
1.9045845
1.7901404
1.8992636
2.2692528
1.9483778
1.8671973
1.8890206
1.9866987
1.7934889
1.9150906
1.9597187
1.7979511
1.8463383
1.8966057
1.878306
1.8591547
1.9497522
1.8738244
1.7075937
1.9087822
1.6783199
1.8765047
1.803505
1.8742983
1.8732016
1.8168644
1.9645033
1.8755169
2.0279946
1.7307746
1.8721212
1.8619545
1.779247
1.9671981
1.8575451
1.8383414
1.8744856
1.8085649
1.8444471
1.8685722
1.9407356
1.8531662
1.7464517
1.736688
1.9361658
1.7526897
1.7125833
1.8129196
1.8886936
1.7881067
1.7440605
1.7856487
1.8513899
1.9529314
1.776962
1.8713306
1.82276
1.8057054
1.911018
1.7748482
1.7769388
1.680414
1.8371851
1.9383745
1.8688339
1.6995853
1.8700371
1.809802
1.9605715
1.8560951
1.9386511
1.8330548
1.7829711
1.8505394
1.8687413
1.8599735
1.9014429
1.8697475
1.9351028
1.752853
1.6296031
1.9831302
1.8805453
1.8621544
1.8806763
1.7890688
2.0515513
1.9190336
1.9250295
1.9025729
1.8851309
1.7242683
1.873608
1.8881905
1.9578044
1.739377
1.8380467
1.7829332
1.8971081
1.7324482
1.7950977
1.829958
1.8895502
1.8239629
2.310618
1.8292539
1.8693845
1.8590759
1.8709415
1.9731245
1.7011778
1.9289954
1.9095685
1.8549545
1.8414377
1.7704704
1.8307886
1.8491251
1.7456052
1.8234106
1.8310028
1.9388336
2.025385
1.910627
1.8798304
1.9054887
1.8252035
1.8820903
1.7956413
1.8725754
1.6926346
1.9539795
1.8067443
1.795846
1.842165
1.7216667
1.7657007
1.9944112
1.8120502
1.6962626
1.8651543
1.8109515
1.7201563
1.9610412
1.8744406
2.0791798
1.8572277
1.6967287
1.7401257
1.8167118
1.8435936
1.8882637
1.9510896
1.8926384
1.9554012
1.8780851
1.7080593
1.7722924
1.8457882
1.8142973
1.93277
1.7692325
1.7843603
1.7065079
1.8688046
1.8929036
1.9816866
1.8830359
1.8369071
1.9008856
1.7866518
1.7091538
1.8212101
1.9697155
1.9007537
1.7645378
1.674144
1.8877037
1.858546
1.9122725
1.8835468
1.700984
1.8319486
1.9113204
2.0049865
1.969034
1.8786466
1.6573387
1.8593851
1.8280191
1.9061372
1.9409558
1.8551219
2.0372796
1.977293
1.7596941
1.8585546
1.8266821
1.8186481
2.0257275
2.0958552
1.8175952
1.8053623
1.8461536
1.9505209
2.0152845
1.7941519
1.8575046
1.7953659
1.8173672
1.7291847
1.9834249
1.7818493
1.8360918
1.7267914
1.9651521
1.8842875
1.864557
1.9157763
1.873449
1.9170036
1.8786533
1.8303516
1.9609349
1.8403476
1.8311983
1.8233669
1.9826416
1.9178591
1.8309956
2.0234554
1.8303783
1.8950565
1.838322
1.8250856
1.835818
1.8844064
1.9020487
1.7731901
1.8567369
1.9013195
1.9290359
1.6974016
1.8663247
1.9172688
2.0027962
1.7414801
1.8727562
1.9551535
1.798064
1.8491433
1.8229864
1.8612217
1.940175
1.7916355
1.8333843
1.7993357
1.8359067
1.9776945
1.8556999
1.8944895
1.8265587
1.8144394
1.7164522
1.6906068
1.7434524
1.849899
1.8063076
1.8357589
1.8222325
1.8510612
1.7934996
1.99548
1.8726257
1.9773409
1.9332863
2.0198555
1.9051327
1.8404167
1.8440136
1.7368828
1.9718874
1.7381375
1.8524443
1.9082263
1.8162615
1.7701384
2.4590406
1.7557539
1.8925817
1.6703411
1.7852634
1.9583534
1.8577881
1.8664854
1.8508488
1.9499191
1.9000975
1.9728291
1.7288374
1.8239062
1.8284197
1.7462795
1.7804495
1.8758667
1.9533657
1.8635991
1.9495579
1.8500065
1.7365795
1.8950989
1.840161
1.87813
1.8713468
1.9225756
1.8600143
1.8394
1.7609726
1.8426721
1.7288433
1.9585956
1.9176716
1.7167801
1.8483098
1.8993549
1.81887
1.9801012
1.8723876
1.8333046
1.8640759
1.8142579
1.9313581
1.8572528
1.8269384
1.8014342
1.7113186
1.9197395
1.7987521
1.8542569
1.8286943
1.8239247
1.9749317
1.8275268
1.9008957
1.8791109
1.7760032
1.8123791
1.7819178
1.8514898
1.7764904
1.7785854
1.8220333
1.828961
1.9815391
1.7165743
1.8655231
1.82004
1.9442747
1.7531431
1.8549032
1.7321078
1.8157734
1.8492248
1.8787405
1.8793037
1.8686155
1.8180006
1.7791069
1.7949194
1.8713017
1.8045801
1.7964535
1.8346703
1.8224131
1.8668133
1.8744751
1.7655842
1.9255816
1.9515254
1.9060256
2.0092387
1.8617862
1.8599207
1.9038765
2.0303664
1.8583553
1.8792492
1.8609244
1.8525499
2.0759988
1.8853756
1.8306997
2.0182457
1.8531383
1.9141535
1.8180754
1.8806369
1.9427677
1.8422759
1.8832451
1.7001731
2.0274408
1.8780069
1.8984852
1.9092147
1.9972246
1.8210331
1.8760092
1.7525856
1.961066
1.8293613
1.7251799
1.8142288
1.9705751
1.8649616
1.7770655
1.8883085
1.8206565
1.6712787
1.8381879
1.7445198
1.9256222
1.7726917
1.9766619
1.8079227
1.8234441
1.7863384
1.8602482
1.8187218
2.1862414
1.7579168
1.8980596
1.9215349
1.7888399
1.9150226
1.7732735
1.8687916
1.9291248
1.9171232
1.6563997
1.7960904
1.8511536
1.8136947
1.7753592
1.8652604
1.8042562
1.7695949
1.874073
1.7474239
1.8415035
2.0075626
1.8555725
1.9434412
1.7728426
1.7923763
1.8658673
1.7971296
1.8819454
1.807049
1.7953825
1.8385155
1.9791313
1.9483675
1.9036964
1.7029858
1.8051221
2.4392154
1.7746633
1.8323095
1.9273275
1.8387203
1.816486
1.9090557
1.8010584
1.8503803
1.7983758
1.8783528
1.9370903
1.8184181
2.0303023
1.7863295
1.8135061
1.8075304
1.804539
1.91705
1.8566046
1.941275
2.0251784
1.9656079
2.0517254
1.8235747
1.9089845
1.9150717
1.7968022
1.8842442
1.7904154
1.8424046
1.7673193
1.7255675
1.7698282
1.8236015
1.7079308
2.0080795
1.8522898
1.8376215
1.8484163
1.9841728
1.9507978
1.8248549
1.7442358
1.7192042
1.8561233
1.8844364
1.7803929
1.8048251
1.9027059
1.7832451
1.9873298
1.8346812
1.8174925
1.819149
1.8682978
1.7868572
1.8316243
1.744353
1.8450696
1.7861131
1.9221547
1.7157046
1.7597675
1.7672975
1.861162
1.8499295
1.7681825
1.8472586
1.9303541
1.7165018
1.8785484
1.7887757
1.8039812
1.8615688
1.8733574
1.9285498
1.8896643
1.9169214
1.7587541
1.8626658
1.766276
1.7335564
2.1191273
1.9067724
1.7445462
1.8906267
1.8348815
1.7670937
2.0796676
1.8477147
1.7866188
1.9418827
1.8926376
1.8935153
1.8798625
1.7885077
1.6968644
1.7377914
1.7952763
1.8588489
1.8210703
1.7648888
1.7750547
1.9332726
2.2875323
1.9644312
1.9650005
1.8416376
1.804882
1.8594043
1.8402777
1.9181726
1.851208
1.9859831
1.8245577
1.9398769
1.8041193
1.8041046
1.9053627
1.8281305
1.8428234
1.9897585
1.9934442
1.9003344
1.8217958
1.9246963
1.7734721
1.9173231
1.8775427
1.6999737
1.8443667
1.8121364
1.7653277
1.8384405
1.8502159
1.8827317
1.6975168
1.8201431
1.8165205
1.9376901
1.8961201
1.9218057
1.9166889
1.7167889
1.7324257
1.9142158
1.892013
2.0300736
1.6860323
1.8192021
1.8187624
1.8746834
1.8051618
1.9609954
1.6709347
1.8945789
1.7852951
1.8596557
1.9551456
1.9248909
1.8823843
1.8647001
1.7064526
1.8031139
1.8910816
1.7785347
1.8522375
2.08076
1.8738903
1.7762125
1.7966976
1.7288196
1.9416564
1.8101718
1.923966
1.8675938
1.8682398
1.8041086
1.9572471
1.9038417
2.1011395
1.9225814
1.8797735
1.8338581
1.8556343
1.8276169
1.8767534
1.7782685
1.8508625
1.7420835
1.8589442
1.8411545
1.7916043
1.7433789
1.9071589
1.9049317
1.9765593
1.8407599
1.841676
1.8949826
1.9610398
1.8285671
1.7712014
1.7992464
2.0433226
1.8376808
1.8078817
1.8967689
1.7932523
2.0727098
1.9395115
1.6890138
1.792355
1.8983968
1.9177421
1.8505561
1.7620947
1.8654804
1.8880056
1.9744856
1.9786346
1.8208668
1.7819264
1.8136982
1.8451885
1.8087254
1.828332
1.9062557
1.76798
1.9297787
1.7739847
2.0065448
1.9237922
1.8128275
1.7443771
1.9197941
1.8504736
1.7296951
1.7962894
1.8024886
1.8168818
1.7915628
1.8058163
1.8202581
1.7853756
2.0054014
2.3276715
1.8288276
1.8921684
2.0463138
1.7416633
1.9114128
1.9046828
1.7768223
1.7928936
1.7878284
1.935025
1.8154166
1.8802971
1.7649761
1.7734995
1.7546549
1.8887913
1.8654474
1.8978338
1.7600883
1.7965748
1.8908939
1.8384104
1.7689342
1.8866723
1.8379395
1.8630606
2.0250907
1.7828197
1.9197338
1.8766212
1.8430617
1.8072561
1.8724053
1.9468216
1.8805383
1.843791
2.0198555
1.8763336
1.722916
2.0075696
1.8054018
1.8500309
2.0185397
1.8332793
1.8523042
1.9947631
1.8649046
1.7324846
1.854031
1.8567584
1.8393923
1.8336754
1.7498903
1.863617
1.8457162
2.0069005
2.0931268
1.8734211
1.8830101
1.7412016
2.063744
1.8857485
1.9182475
1.951189
1.968118
1.9279524
1.836821
1.8097489
1.887426
1.7644618
1.8004217
1.8100961
1.8926424
1.8616698
1.7684978
1.9498665
1.9269454
1.9012241
1.8511492
1.8371843
1.8778518
1.7742336
1.871718
1.990353
1.8644466
1.7931532
1.8180454
1.8819973
1.9298769
1.9826791
1.8284098
1.7950433
1.8119694
1.7359972
1.8574173
1.8866158
1.807141
1.9074085
1.8766949
2.0601742
1.9141098
1.8945808
2.0199325
1.7722969
1.9230808
1.8868532
1.9024231
1.7442545
1.9198765
1.7666118
1.9386098
1.9598973
2.0466342
1.752998
1.990482
1.9819542
1.7830206
1.846699
1.8537028
1.7893772
1.8671448
1.92537
1.8207934
1.8077761
1.777333
1.914628
1.7428087
1.8637903
2.0059729
1.8533227
1.9304504
1.7979466
1.8444227
2.0252101
1.983044
1.927956
1.754183
1.7992073
1.9646232
1.8049523
1.6875527
2.3759992
1.899545
1.839179
1.87205
1.8642107
1.8217132
1.8006065
1.849781
1.8503065
1.9130752
1.8709068
1.8855584
1.8218479
1.6999271
1.708823
1.8105291
1.7871015
1.8797394
1.8913078
1.898337
1.8664415
1.7745231
1.8714451
1.7798595
1.6922363
1.8453512
1.773241
1.9102634
1.8242317
1.776901
1.9240116
2.0074058
1.7904152
1.8588831
1.9162394
1.8225629
1.8278828
1.7176468
1.9642756
1.7386634
1.8406824
1.724713
1.8069713
1.775626
1.7740631
1.893145
1.8922603
1.9494241
1.8917449
1.8126156
1.8891058
1.8939228
1.8169047
1.863931
1.8509392
1.9567696
1.9459997
1.8242807
1.9217699
1.8453318
1.7763243
1.745909
1.8931096
1.9364674
1.9398758
2.0933545
1.7476174
1.8261442
1.9317507
1.9307976
1.8142418
1.7627499
1.938956
1.948068
1.843683
1.9174519
1.8648275
1.7711306
1.7658088
1.8310058
1.802763
1.7543046
1.9392262
1.7768888
1.8797419
1.8759518
1.8290946
1.8215796
1.7702833
1.929643
1.7615612
1.9780918
2.0227091
1.8253758
1.8544556
2.082934
1.8007427
1.987386
1.944054
1.9247652
1.7442322
1.7558588
1.7586244
1.9035412
1.9130211
1.8179667
1.9200218
1.8198303
1.9340652
1.9231437
1.9432627
1.9221363
1.8404093
1.8265079
1.8734238
1.8879719
2.041425
1.8954108
1.7751173
1.8179255
1.8382581
1.8509079
1.8284651
1.9455283
1.731904
1.8827412
1.9178098
1.8140724
1.7440059
1.8508701
1.927709
1.8855717
1.9279051
1.9021814
1.7899984
1.9103466
1.770153
1.7827461
1.9726223
1.9140034
1.8879172
1.8599517
2.3073337
1.8374141
2.0230365
1.7242825
1.9074593
1.892003
1.77559
1.6693434
1.9099512
1.8813827
1.9253845
2.029538
1.825256
1.8547411
1.7465233
1.8748058
1.975939
1.8728212
1.7982883
1.887381
1.9125322
1.7056586
1.7970092
1.7793643
1.7752358
1.8094915
1.8266785
1.8122511
1.9985577
2.0406199
1.9348419
1.679723
1.8596747
1.9492176
1.8204215
1.8989265
1.8092825
1.8590701
1.8495371
1.7939469
1.9107392
1.8269755
1.8282776
1.8666815
1.8188318
1.9692236
1.8443117
1.8070885
1.8511986
1.7147903
1.7938486
1.8464348
1.7117163
1.9142224
1.8752782
1.8582277
1.9097853
1.9529865
1.947752
1.8136902
1.8331873
1.8392284
2.0053747
1.7999843
1.7810643
1.9289097
1.822341
1.8187401
1.7949715
1.7844021
1.9727075
1.8286631
1.9411442
1.8083931
1.8433962
1.897488
1.8653824
1.9418281
1.7653084
1.954953
1.7662313
1.927202
1.8599212
1.8747218
1.8503964
2.015456
1.8227478
1.6790855
1.7473061
1.9446495
1.892206
1.8205564
1.8563623
1.8374382
1.7326615
1.894216
1.9220558
1.8738159
1.9260013
1.8012199
1.9326994
1.817991
1.858715
1.7903662
1.8201361
2.033229
1.8840904
1.9680531
1.7758623
1.8274975
1.8135736
1.8923153
1.8647022
1.9325441
1.8437042
1.8270462
1.8201444
1.7098852
1.7998995
1.8614231
1.79137
1.7998787
1.9426584
1.9371172
1.8947868
1.9239779
1.8715855
1.9044472
2.1470351
1.8577362
2.0529008
1.9111435
1.8171505
1.8659554
1.8407837
1.8919079
1.9115394
1.6735184
1.8561277
1.7508309
2.002455
1.8395126
2.4130282
1.9369358
2.019953
1.8711783
1.9459587
1.8474634
1.9248943
1.7854624
1.852781
1.9704831
2.0191197
1.8544155
1.7744036
1.8926804
1.7401768
1.7964413
2.0020127
1.7439302
1.8078787
1.937904
1.8920641
1.9052435
1.7411461
1.843049
2.0219913
1.8695885
1.8133953
1.8525623
1.9649036
1.9149024
1.7561607
1.759046
1.814493
2.0236783
1.8245376
1.8724549
1.9296663
1.864541
2.0730972
1.6796509
1.9498684
1.8218912
1.9768269
1.8471705
1.8556321
1.7382305
1.7698711
1.7844763
1.8913395
1.921401
1.8583877
1.8102472
1.9316337
1.7923996
1.7577575
1.7868147
1.9951084
2.0602784
1.9174353
1.692532
1.8398631
1.9528201
1.9772772
1.9335454
1.7447033
1.937212
2.2519383
1.7498528
1.950079
1.9570296
1.8575983
1.9868692
1.7541577
1.855047
1.6658604
1.8613707
1.6586767
1.765921
1.7739054
1.9002262
1.848513
1.865941
1.7571154
1.9578116
1.734281
1.8329356
1.7194887
1.9618584
1.9451907
1.8458468
1.7971691
1.8166826
2.0064456
1.9701138
1.9678999
1.8600829
2.0072036
1.6944392
1.8459307
1.8056227
1.9926023
1.8003877
1.9153856
1.8178141
1.8204448
1.7055569
1.8465483
1.9348443
1.7720073
1.8197956
1.8737061
1.8628819
1.7163925
1.8007692
1.8049271
1.8114847
1.9071983
1.8616241
1.6937065
1.7493122
1.7279205
1.8550808
1.838513
1.8934988
1.896225
2.1021805
1.660816
2.18456
1.7264707
1.7593743
1.7880402
1.8251623
1.8167934
1.9502296
1.990278
1.7827072
2.0017622
1.8274271
1.8618389
1.9534973
1.9864019
1.9448208
2.271562
1.7844002
1.809603
1.8538678
1.9490516
1.9541826
1.8012425
1.9016192
1.9193681
1.7737747
1.913019
1.9503901
1.7952728
1.8316685
1.9507385
1.9349623
1.7700905
1.8279845
1.9268147
1.9326861
1.975425
1.8315516
1.8038546
1.9086555
1.7952006
1.6808071
2.2713103
1.8055617
1.7158321
1.6778005
1.8694675
1.8057966
1.7359915
1.8866293
1.7703149
1.7819808
1.8299663
1.771892
1.8391777
1.6896083
1.8976679
1.8796486
1.8143104
2.0010064
1.7787316
1.9068025
1.8715569
1.9667957
1.9959322
1.8305156
1.8796244
1.8278652
1.8410466
1.712884
1.7319562
1.8911556
1.7796376
1.9593185
1.824493
1.920091
1.8904641
1.9698198
1.7215828
1.8381193
1.8665287
1.8914032
1.822908
1.9494305
1.940603
1.9176022
1.8296582
1.7417358
1.7401676
1.8774236
1.8556602
1.8425325
1.8757805
1.8142588
1.940677
1.9652125
1.929676
1.8913254
2.0882478
1.8895029
1.7598362
1.8018367
1.960378
1.8253132
1.7983898
1.6546625
1.8928944
1.892688
1.725625
1.9700893
1.7869623
1.8955349
1.7244285
1.6958317
1.8594983
1.8486878
1.8796918
1.9232136
1.779607
1.8005149
1.9531486
1.9801512
1.7479732
1.8392547
1.9657688
1.7080803
1.8077542
1.8689874
1.907168
1.9110371
1.8994696
1.7368294
1.8859789
1.9218493
1.7413276
1.8497627
1.9215168
1.7574717
1.7527177
1.8302011
1.828723
1.8091195
1.7281668
1.7772859
1.9701684
1.7742598
1.9054873
1.828224
1.8299803
1.9280819
1.8492237
1.9309784
1.7472484
1.836059
1.8625715
1.8507025
1.9928095
1.8457654
2.4497807
1.702241
1.971565
1.9893051
1.9643238
1.7654616
1.7302101
1.8099425
1.754564
1.9138638
1.7125311
1.9952393
1.8284302
1.9364908
1.9081904
1.91325
1.8525467
1.8470854
1.8153404
1.8183525
1.6465693
1.9705265
1.7439291
3.1023426
1.8975697
1.938839
2.0231175
1.965564
1.9081914
1.9321563
1.8695633
1.911783
1.8278936
1.733784
1.7784169
1.7536141
1.8314232
1.8489478
1.8903061
1.911014
1.7977123
1.8661655
1.9154552
2.0036988
1.8486313
1.7770694
1.8492428
1.8667421
1.7969109
1.7555168
1.8013004
1.7839012
2.0861142
1.8603144
1.7682812
1.7800884
2.1441298
1.8430074
1.8218443
1.8838787
1.7763836
1.8496561
1.8403622
1.8569233
1.9898026
1.7642981
1.8668032
1.895983
2.0372357
1.7703753
2.0016181
1.7805618
1.7747428
1.7716596
2.0502098
1.896582
1.930685
2.1247594
1.9715719
1.7959433
1.9391464
1.7617748
1.8446442
1.9319153
1.96569
1.9311972
2.1426976
2.0203853
1.9433508
1.8452908
1.8437741
1.8471947
1.7591347
1.9303591
1.8405545
1.8719819
1.9168307
1.8012846
1.8893217
1.7951113
1.7129717
1.8409822
1.8053885
2.017673
1.8392388
1.7817488
1.8710773
1.8203287
1.722896
1.9244553
1.7971888
1.7998714
1.9286286
1.8752722
1.7914026
1.7697458
1.85991
1.7293926
1.8002392
1.9018141
1.8521862
1.888793
1.8539476
1.764637
1.8709816
1.9542363
1.9673363
1.9357641
1.9882481
1.8386631
1.856878
1.783858
1.8754402
1.8137707
1.7339636
1.892842
1.7848421
2.0572927
1.8443855
1.8743589
1.8982115
1.7753963
2.4751363
1.9483173
1.8704264
1.9286369
1.7226295
1.8828049
1.7789707
1.8476931
1.8871043
1.9409096
1.867355
1.8186216
1.9549897
1.806277
2.063384
1.8241554
2.0232081
1.7825569
1.9906261
1.9211012
1.889107
1.7137944
1.8414901
1.7334543
1.8813093
2.006844
1.9354994
1.7549744
1.7168846
1.9249535
1.9670435
1.8411028
1.863967
1.8235645
1.8729645
1.7811543
1.9652497
1.8175278
1.8109919
1.8635132
1.8216703
1.8935484
1.8137262
1.9640205
1.7740856
1.7301981
1.7994884
1.7628028
1.7863665
1.8261782
1.8910595
1.8523756
1.8891256
1.8368149
1.9219706
1.8416342
1.7891117
1.996961
1.8810524
1.9757506
1.9996077
1.8802977
1.808992
1.940017
1.9202423
1.8399498
1.8603691
1.893446
1.7677332
1.92919
1.9195038
1.7949101
1.8278716
1.8378334
1.8983539
1.8569952
1.7589376
1.9404659
1.8942473
1.8996556
1.8862627
1.7982914
1.899893
1.8646873
1.8042752
1.728467
1.8793218
1.8254579
1.7848305
1.9949516
1.8580999
2.0673988
1.7860146
1.9052761
1.7798418
2.6316338
1.751467
2.017057
1.7648318
1.8026474
1.7313516
1.7649076
1.9628553
1.8381741
1.8605993
1.8340511
1.6721863
1.7746992
2.5419807
1.7736248
1.87205
1.9273615
1.8221693
1.7139931
1.7953354
1.8053821
1.9055172
1.9426649
1.8714215
1.7897098
1.8118999
1.7540888
1.9351571
2.0133114
1.87626
1.8297722
1.8892977
2.0018258
2.0532467
2.0068974
1.9341202
1.7911571
1.8367016
1.7591912
1.819268
1.9437923
1.8916895
1.9093196
1.9456537
1.9424282
1.730612
1.8693556
2.7014403
1.7784832
2.0846732
2.0617492
1.8566633
1.9301392
1.9393203
1.8441547
1.7779763
1.8406956
1.7853127
2.0725915
1.8325535
1.8145634
1.8080305
1.7793286
1.774045
1.7326944
1.8219202
1.9220186
1.9822003
1.8206799
1.8194983
1.7944186
1.9844393
1.8593153
1.82453
1.7989013
1.8464336
1.8791393
1.8990784
1.7974613
2.0116386
2.0120533
1.9954687
1.7443889
1.8551018
1.8102068
1.8919284
1.9333731
2.078486
1.7997167
1.8240505
1.8718357
1.8743654
1.8515762
2.0061157
2.0026762
1.8088133
1.896375
1.7455925
1.8889408
2.0034363
1.9451929
1.8097492
1.9892075
1.7752177
1.8635914
1.9240131
1.9196055
1.7962894
1.7993912
1.9126217
1.891247
2.0209212
1.898378
1.7450569
1.8035729
1.920463
1.9714664
1.9236677
1.7366492
1.8866961
1.8163204
1.936956
1.8284699
1.9936602
1.8645413
1.8968617
1.9198688
1.982383
1.8244174
1.7632173
1.8605343
2.0134907
1.8202031
1.7432556
1.8816869
1.9509888
1.806344
1.8604965
1.9146516
1.7096704
1.9855067
1.9730022
1.786796
1.8435955
1.8810682
1.7465996
1.8658501
1.7793767
2.008357
1.8630018
1.842932
1.8086474
1.8001034
1.8816105
1.8873097
1.7929825
1.8380735
1.9873352
1.874555
1.9414473
1.8574247
1.76732
1.7374172
1.8201107
1.7890308
1.9850308
1.8514038
1.8554118
1.9679171
1.8512714
1.8598295
1.8068178
1.862448
1.9210819
1.7706788
1.9376678
1.8574673
1.8136126
1.9546728
1.8708258
1.8051783
1.8847383
1.9122022
2.0640025
1.8539219
2.1256378
1.9143622
1.9660006
1.9454048
2.3220246
1.9104099
1.9992756
1.7840897
1.8417957
1.9497249
1.9295677
1.7568502
1.8748541
1.8291295
1.8518727
1.9827751
1.9653975
1.9408909
1.8927906
1.798262
1.7259595
1.6973823
1.8642538
1.9439723
1.7543396
1.7821411
1.9140898
1.9015585
1.8328979
1.8713287
1.7878656
1.7378534
1.7822092
2.041432
1.9542555
1.8428886
1.979291
1.9072977
1.621351
1.6850154
1.9330242
1.9043823
1.866877
1.8950084
1.843016
1.8980831
1.8457146
1.8500553
1.8534743
1.7622509
1.8315102
1.7656
1.7434403
1.8785956
1.9395069
1.7410562
1.8114166
1.9588238
1.8713753
1.8964897
1.9089302
1.796965
1.8654454
2.0246472
1.8381262
1.8215551
1.8440826
1.9382919
1.8228842
2.0724788
1.7748924
1.9284378
1.9631933
1.7945179
1.9139019
1.7270371
1.8219826
1.7265857
1.8492146
1.9356289
1.9447176
1.8981594
1.9691883
1.7191744
1.8658565
2.098545
1.7995011
1.8867176
1.8774166
1.9162604
1.7905086
1.8166246
1.7030379
1.9672194
2.0570292
1.924373
1.9424623
1.8271646
1.9808168
2.0136952
1.9645897
1.8416584
1.8528309
1.6878
1.80439
1.9087474
1.8505459
1.9432207
1.8668463
1.8335142
1.8159916
1.9207119
1.9111271
1.8527426
1.8187826
1.8879582
1.837493
1.8558838
1.8277721
1.8875179
1.7796919
2.0018635
1.8519075
1.9742393
1.8031998
1.9260298
1.8503463
1.7815319
1.7989552
1.6960583
1.8714063
1.8464597
1.8070234
1.9939808
1.7372631
1.7728688
1.7761629
1.6845745
1.7187046
1.9698641
1.8109477
1.7731022
1.9321201
1.8903754
1.8253801
1.8137798
2.601502
1.894747
1.8251953
2.2076583
1.8973023
1.9561974
1.8327808
1.7827027
1.9798667
1.7210093
1.9803381
1.7780154
1.753968
1.8520702
1.7735399
1.9441077
1.8643868
1.6816651
1.8470837
1.879653
1.797615
1.9405689
1.940682
2.0216756
1.816083
1.9834538
1.7851722
1.7774391
1.9424305
1.8879509
1.6235199
1.8374376
2.0148304
1.8100106
1.7843117
1.9344656
1.7558514
1.9648231
1.8905464
1.9536998
1.8294913
1.7894995
1.8953851
1.8722
1.6924632
1.942591
1.7683376
1.8951874
1.9964771
1.7983195
1.6741902
1.8386052
1.9634752
1.8065493
1.8012381
1.8761965
1.7664394
1.9761368
1.926274
1.9719032
1.7997605
1.8976347
1.805286
1.7612547
1.8015511
1.8999059
2.0183258
1.8457397
1.8636103
1.76076
2.2441905
1.7809273
1.6808755
1.7868488
1.8752997
1.708052
1.9772959
1.822273
1.8954366
2.1014247
1.9670541
1.7543236
1.8574762
2.0252461
1.7197177
2.095925
1.7616699
1.9978592
1.888943
1.7345812
1.95065
1.9079139
1.84535
1.7788703
1.7691429
1.9033604
1.7717602
1.7326638
1.9012951
1.7698298
1.8377697
1.9862349
2.0065663
2.0375133
1.915399
1.79511
1.8426149
1.9649988
1.8766053
1.8591337
1.7739502
1.8654616
1.8386863
1.717048
1.8238344
1.9589884
2.0398674
1.9478667
1.6533829
1.9552143
1.8367895
1.9029258
1.7793945
1.868404
1.8064969
1.8375666
1.8932136
1.9014776
1.7356093
1.7750566
1.89881
1.8768461
1.7658234
1.8530833
1.7694048
1.9552149
1.9642324
1.7069572
1.7999451
2.0607693
1.8643192
1.9749874
2.4487445
1.887023
1.8377142
1.9102904
1.848604
1.8785263
1.8622898
1.7339327
1.963427
1.8117301
1.9743801
1.854945
1.8458645
1.981898
1.7429202
1.8217485
1.8958752
1.9445814
2.0157716
2.0419068
1.8618904
1.7193302
1.8911041
1.7536017
1.849046
1.9707102
1.8642038
1.809215
1.8805072
1.9982427
1.8165007
2.0195737
1.9756
1.7864902
1.9052299
1.9684432
1.9295813
1.712875
1.8732193
1.8796623
1.88893
2.0310907
2.0011973
1.7992928
1.9015671
1.8176901
1.9299816
1.9168087
1.7460951
1.7550504
1.7120024
1.7396675
1.8006586
1.8096386
1.814625
1.9920757
1.912947
2.0337741
1.8906711
1.8720458
1.9140965
1.9007088
1.7850249
1.8719723
1.8945034
1.9080282
1.8513224
1.9805329
1.8804674
1.8273456
2.0163074
1.8765818
1.9042374
1.8757226
1.7926462
1.9738495
1.7828993
1.7912481
1.7572905
1.819514
1.8669237
2.0145326
1.9687961
1.7221158
1.8577554
1.9542965
1.8025703
1.7509543
1.7946255
1.9508193
1.8738987
1.7457352
1.6538082
1.8249518
2.093804
1.9376453
1.8341691
1.9880314
1.7654638
1.7354424
1.9464515
1.898638
1.735578
2.1812792
2.0198166
1.8565928
1.8023927
1.8014843
1.9191227
1.8784876
1.8699999
1.7433178
1.7271446
1.8170757
1.6961762
1.9476293
1.8437268
1.8637135
1.8323635
2.1500356
2.0551746
1.8662827
1.8944843
1.8110545
1.8314836
1.935894
1.8270134
1.98718
1.9182816
1.7370828
1.9638999
2.0483289
1.934268
1.9627479
1.8156046
1.8215355
1.9118881
1.8248274
1.8087467
1.875837
1.9381737
1.7798319
