11.211827
11.211836
5.0171347
5.027102
4.2157516
3.8065238
3.6081994
3.3924065
3.3806787
3.1783538
2.9346652
3.2180893
3.139976
3.0098362
2.9543867
2.8737538
2.6816812
2.937512
2.7804413
2.732636
2.73772
2.7752619
2.8244977
2.7628844
2.872799
2.6822734
2.6703217
2.6680353
2.6696155
2.7614605
2.7487514
2.590319
2.6528072
2.5989108
2.46958
2.5533268
2.6238444
2.6147819
2.5417237
2.2875292
2.503772
2.5914447
2.4495254
2.414485
2.506784
2.5854878
2.6294851
2.5192404
2.4690857
2.3782635
2.4467807
2.3081536
2.486705
2.300263
2.5281942
2.492578
2.237909
2.419939
2.4978268
2.52163
2.2860646
2.2876458
2.4104295
2.3491101
2.2858844
2.4052606
2.4049697
2.1822152
2.402081
2.3142657
2.3410878
2.553405
2.4753773
2.406535
2.4532979
2.4654741
2.305061
2.2074122
2.4361045
2.3349795
2.1879294
2.2534757
2.2477894
2.3413231
2.5388072
2.3187513
2.4774358
2.4008784
2.261185
2.584103
2.3000197
2.4975467
2.4293153
2.4257576
2.1605356
2.2563033
2.3124213
2.3220265
2.3860981
2.46397
2.2954738
2.4065673
2.3500965
2.216769
2.3267775
2.1419044
2.2601917
2.4851258
2.2136183
2.2740324
2.3366203
2.2991617
2.1563582
2.2539184
2.2285798
2.4168093
2.355489
2.2552147
2.28132
2.3775325
2.1678567
2.150357
2.2827156
2.1081796
2.4091964
2.367227
2.2492394
2.2467592
2.3234477
2.2764754
2.1356418
2.0624096
2.338232
2.251792
2.2029614
2.2721927
2.1032217
2.177833
2.1190307
2.3734195
2.1538074
2.0930104
2.1593604
3.1883855
2.2066016
2.3278615
2.1515048
2.1980488
2.1792905
2.1277683
2.1566532
2.354919
2.2880974
2.1091003
2.2866478
2.1825027
2.0946443
2.1781914
2.3582354
2.254752
2.2206216
2.120405
2.206386
2.2700176
2.343226
2.210062
2.406318
2.2498765
2.2560759
2.0538602
2.2765353
2.278077
2.115061
2.0733922
2.146573
2.1359391
2.1548111
2.1505775
2.2190745
2.1463962
2.3191752
2.2577863
2.1807923
2.0924249
2.2535048
2.191311
2.1762996
2.1285653
2.1498148
2.205884
2.0543132
2.174354
2.1025968
2.1215951
2.1810098
2.1594834
2.1529896
2.1227527
2.2273545
2.1401703
2.1258388
1.9927299
2.0442915
2.3579009
2.2361143
2.3513253
2.0453138
2.0213675
2.1586106
2.2240887
2.2197175
2.0506902
2.082883
2.0211468
2.0912251
2.2813764
2.2217374
2.264407
1.9620922
2.2242699
2.1607764
1.9946277
2.2056901
2.2977662
2.068662
2.159747
2.2196422
2.0492167
2.1554308
2.2161336
2.2821944
2.0794451
2.1064477
2.2133224
1.9894106
2.1388843
2.144713
2.2449687
2.119089
2.3429182
2.0490127
2.1779182
2.1919484
2.2328782
2.0822554
2.0750852
2.375943
2.4020104
2.0450644
2.1404567
2.1782486
2.1603487
1.966391
2.0494332
2.2622178
2.2404013
2.1719935
2.167751
2.0065536
2.1090913
2.2781763
2.3194654
2.1775002
2.102645
2.1571472
2.184285
1.9884617
2.064217
2.0982585
2.0480146
2.049235
2.1279726
2.2272713
2.2654614
2.123075
2.0333538
2.2039351
2.01498
2.1597164
2.0931325
2.1589744
2.1723568
2.3830552
2.1015277
2.1324883
2.6821213
2.3814096
2.0601213
2.2270513
2.1766572
2.319964
2.123592
2.1396508
2.10982
2.0580516
2.008615
2.0982258
2.117651
2.2901433
1.9500612
2.1922996
2.1204634
1.9029324
2.123045
2.176842
2.1280532
2.0860996
2.2134323
2.0738378
2.113995
1.9707844
1.9686897
2.057226
2.31559
2.115415
1.8622051
2.0211809
2.1190257
2.0468855
2.0374775
2.1251812
2.064338
2.0952084
1.9644349
2.1446266
2.0765226
2.0225384
2.1531072
1.944594
2.1644604
2.0994563
2.1174664
1.997379
2.218245
2.1504207
2.0726411
2.206924
1.9959671
2.1531355
2.0665329
2.1961608
2.1539707
2.0984037
1.9871871
2.0083976
2.0006433
2.1034737
2.0039973
1.9350951
2.195701
2.07086
2.0845525
2.0362544
2.0675507
2.1587842
2.130291
2.0799754
1.9853344
2.127793
2.032271
2.0971866
2.045505
2.1653066
2.1386409
2.2132201
1.9652904
2.1227071
2.0909703
2.167231
2.1751142
2.17516
2.1384106
1.9640095
2.0987837
2.0201626
2.0445065
1.9960403
2.0000262
2.114491
2.1477025
2.0366597
2.260541
1.9912239
2.1429863
2.0833168
1.9923624
1.9032528
2.2682936
2.098681
2.0917096
2.0323894
2.0595717
2.0590827
1.9087267
2.2071674
2.0824587
2.0557923
2.2163072
2.217689
2.2257543
2.075497
1.9211966
2.2287278
2.1502674
2.1060526
2.2596056
2.0668247
2.0123532
2.1035898
2.0997663
1.9690657
2.1824377
1.9308656
2.0583572
2.0006843
2.0096004
2.1420126
2.0904207
2.0116904
2.0895126
1.9753358
2.1001027
2.0385082
2.0012918
2.1828983
2.0819926
2.081438
2.4877286
2.137595
1.9861883
2.0466657
2.1761222
2.0581307
1.9825783
1.9318291
2.1629226
1.9626439
2.225989
2.051365
2.2036748
2.1632814
2.0708566
1.993302
2.10388
2.1053052
1.9249433
2.1854546
2.1115587
1.9916427
2.0829616
2.0564969
2.0130959
2.127908
1.9540184
1.9496355
2.1003919
2.250886
2.088555
2.1240287
1.9815413
2.0217566
2.0686042
2.0653234
2.0449378
1.9447014
2.1916072
2.1695678
2.0987542
2.2071598
2.0051122
2.1141155
2.0863254
2.1514776
2.0707622
2.043788
1.9061165
2.2120655
2.012879
2.0109603
2.070804
2.2571955
2.1013331
1.970795
2.0562277
2.1151574
2.0469084
2.2268624
2.046514
2.1449726
2.1558166
2.0947871
2.1416295
2.2036483
2.011862
2.1811674
1.9591306
2.1003025
2.1533062
1.9417713
2.0639076
2.059379
2.044956
2.0656648
2.118811
2.189597
2.0253444
2.069551
2.086829
2.1805618
1.8680198
1.9744864
2.2265763
1.9940621
2.0377722
2.1496894
2.1054614
2.1046002
2.034101
2.1029801
2.07168
2.0336843
2.1219835
1.929031
2.078548
2.1764588
2.1732023
2.0278
1.9913523
2.2117772
2.0924468
2.1405957
2.0447736
2.212021
2.0580773
2.1224167
2.1048737
1.9693215
1.889333
1.9392163
2.149351
2.1694508
2.1867018
1.8589907
2.11735
2.0205472
2.0114453
2.1089802
1.8755789
2.147716
1.9692852
2.1192126
1.9828202
2.1617827
1.9188259
2.2050354
1.9653755
2.0207877
2.1914353
2.133079
2.0411143
1.9972388
2.1863096
2.0538547
1.9598424
2.0549555
2.0774174
1.9326513
1.9234642
1.9734774
2.2694135
2.0781786
2.177636
1.9443496
2.0464847
2.0128198
2.0759637
2.1587288
2.0205998
2.232349
1.9639246
1.9106811
2.0534616
2.17622
1.9621376
2.0345027
1.9919487
1.987455
1.9800056
2.0373008
2.0436563
2.1381085
2.1494632
1.9436136
2.0960326
2.0414348
2.0428529
1.96088
2.0172124
2.151944
2.117848
2.006471
2.0212955
1.8569418
1.9120773
1.9019839
2.094247
2.084934
2.0952528
2.1541526
2.156713
2.2417922
2.0788684
2.04246
2.070448
2.0976524
2.1626127
2.0700133
2.0809383
2.088017
1.8761928
2.043998
2.0937772
2.0588157
2.1164377
2.2332184
2.1754403
2.2078562
2.0945325
1.9564791
2.1081789
1.8747294
2.1145635
1.9431067
1.9716123
2.040988
1.8938748
1.9660822
2.0832858
1.9226011
2.1259782
2.1348946
1.9761671
2.268099
2.1157546
2.0533662
2.143649
1.9733429
2.0215168
1.9685186
1.937103
2.1347408
2.0841699
1.9443741
2.0848145
2.0823896
1.9070743
2.144445
2.1675463
2.093755
2.149178
2.1668909
2.020898
2.0426087
1.9860494
1.9637287
1.9774535
2.0893307
2.0255883
1.9945768
1.8949798
2.1417146
2.1177864
2.181888
2.1044936
2.133094
2.1680634
2.1326816
2.0428138
2.0410178
2.0244217
1.9474211
1.9983705
1.9799061
2.0626628
1.9840739
2.1060648
2.1355197
2.0805273
2.1122596
2.2349782
2.0323968
1.9309088
2.040688
1.990559
1.992173
2.0592608
2.05304
2.2778347
1.9853458
2.0284266
2.082067
1.9477623
2.0690804
1.998513
2.0019522
2.0452235
1.9763491
2.0142603
2.0628304
1.9464039
2.1160426
2.4141707
2.0562587
1.9395425
1.9669222
2.0150285
2.0895476
2.0187263
2.1636653
2.1027236
2.0712786
2.050749
1.9554069
2.0287366
1.9913108
2.0375404
1.9832453
2.005653
2.0707662
2.056584
2.1693625
2.1204178
1.9853089
2.1066833
2.1484466
1.8738699
2.1029773
1.9995496
2.0110335
2.0453513
2.0271158
1.8177286
2.1197948
2.0149364
1.9303383
2.1505244
2.0618103
2.0239975
2.1135726
2.0256555
2.0227594
2.041791
2.0320127
1.9583534
2.1172187
2.1659977
2.1335304
2.169704
2.0416162
1.8299615
2.0480835
2.036124
1.9326813
1.9271891
2.218572
2.273494
2.1583176
2.0148826
1.9615084
2.0426288
2.0668645
2.0495594
2.210441
2.0993588
2.0049307
1.8883493
1.9383758
2.1161127
2.0333958
2.0240922
2.0324783
2.0002081
2.1077828
2.0008287
2.0346208
2.0800865
2.1363053
2.1394486
2.1169465
2.020039
1.9901088
1.9563131
2.1944003
2.0001554
2.064583
2.0856118
1.9698744
2.033509
1.8286903
1.9452162
2.1806736
2.125649
1.9406853
2.0318172
1.8751599
2.1324573
1.8970973
2.1454844
2.081655
1.9081008
2.0499141
2.018302
1.8725283
2.0202618
2.1587002
2.058956
1.887365
2.042056
2.11299
2.154766
2.014921
2.034229
2.1319606
1.851053
2.123212
1.8459413
1.9738493
2.0601377
2.0740685
2.0816054
1.9860423
1.8896993
2.073441
2.1554463
2.0738463
2.0581536
2.160231
2.1030538
1.9686587
2.1499054
2.1633663
1.9345309
2.0029826
1.9781536
2.0914207
1.9550924
1.9781978
1.9693677
2.039436
1.9495865
2.0273442
1.9526246
2.1652865
2.2560196
1.9819891
1.9457092
2.232241
1.968517
1.9873312
2.0021818
2.1249666
1.8533499
2.20544
1.949971
2.0664468
2.0652559
2.1225667
2.0655377
2.047539
2.0399692
1.8496997
2.0250783
2.0417757
1.9595467
2.074965
1.9319532
1.9613678
2.0306861
1.8860934
2.0879588
2.0870438
2.012865
2.1336734
1.8998474
1.9088618
2.1345398
2.0844507
2.0063474
1.9548218
1.854241
1.99035
2.0357976
2.0719178
1.9901536
2.193624
2.074491
1.9016819
2.1002696
2.05131
2.09231
1.9831547
2.000671
1.9284375
2.0788698
2.0825355
2.1777244
2.1050904
2.0364928
2.0847688
1.941438
1.9813797
2.0127397
2.08646
2.2437081
2.0366879
1.9536269
2.0002854
1.8765312
1.9501377
2.0542226
2.1354904
2.0165253
2.0358064
1.9753269
2.0229342
1.9220186
1.8755709
2.0242734
2.00581
2.0884538
1.9034941
2.1286514
2.0306668
1.9089267
2.064035
1.9406914
2.0511131
2.235229
2.0544426
1.9824378
2.151131
1.9786766
1.8870547
2.1385024
1.9836047
2.1023757
2.02647
2.0074477
2.1204135
1.9970936
1.9406319
1.8615319
2.1431787
2.0360172
1.9244591
2.1816325
2.0521262
2.1539938
2.179321
2.1126182
1.8671783
2.114121
2.1163857
1.871074
1.9884571
1.8877313
1.9347451
2.0435262
2.067891
1.9065931
2.0889587
1.9577236
2.0602875
2.0860922
1.9858265
2.058856
2.0590959
1.9970773
2.0976682
2.1565044
1.8869251
2.109418
1.8887135
2.0609648
2.1005085
1.900882
1.9613708
1.9333541
1.9767716
2.2813637
2.0571344
2.0203907
2.0677104
1.8908999
1.9564337
2.1874309
2.0851066
1.9578396
1.9009163
2.0929596
2.0654912
2.0527294
2.0607142
1.969998
2.0489872
1.9785728
1.9641731
1.8056816
2.1762028
2.070024
1.9971035
2.1100583
2.1418717
2.045021
2.0238178
2.135116
1.9344418
1.9522015
1.975675
2.0866845
1.9074214
2.1545224
1.886
1.999675
1.9116037
1.9445263
2.1340344
1.9913776
2.0861216
2.1255164
1.926499
1.9871826
1.9109215
2.003697
2.0698204
2.064026
1.9209797
2.057008
1.9487984
2.0811048
2.122841
1.9293957
2.0423398
1.9187514
1.9856062
2.050632
1.9409052
2.1665807
1.9440353
2.0695472
1.9839306
1.8750807
1.9060673
1.8650618
1.8638312
1.8153188
2.0385299
2.0547204
2.0184178
1.9902928
2.0143576
2.0188498
2.0964746
1.9554119
1.8655689
2.0664113
2.0952919
1.9429414
2.0362854
2.0820057
2.067818
2.095086
1.9803679
2.1543489
1.8673633
1.9857178
2.0338583
2.044424
2.1006947
2.0319395
1.9943168
1.7805798
1.9838121
1.9872242
1.9958769
2.0555196
1.8966061
1.8154519
1.8945764
1.9774837
1.9337585
2.1251857
2.0825028
2.0263777
1.9672886
1.8322779
2.05343
2.0312424
2.1199057
1.9505384
1.8917987
2.0563393
1.9813845
1.9799391
2.099481
1.915116
2.1629643
2.0923836
1.9763346
1.943795
1.9867957
2.117157
2.0341783
1.9860489
2.08326
1.9710792
1.9452889
2.0032668
2.0648444
2.0119781
1.7958956
2.1349304
1.9876623
2.1215463
2.0724792
1.9508088
1.9259312
2.1352596
1.8986038
1.9651825
2.0160434
2.0170522
1.9849155
1.8759228
1.999177
1.999193
1.9946932
2.2560496
2.0197954
2.077719
1.9412394
1.9084305
2.205787
1.884045
1.8145332
1.9744396
2.1056154
2.016868
2.0740266
1.9605526
1.929629
2.015597
1.9406013
1.9045807
2.019691
2.1716218
2.0482414
1.9807755
1.9669886
1.937314
1.9718403
2.0921295
2.175982
1.9734846
2.025563
1.9293884
2.0138173
2.388611
2.0030758
1.7842195
2.058618
2.0628753
1.8806639
2.1184106
1.9529746
2.1105905
1.9820774
1.9150441
2.0164459
2.0029964
2.0344265
2.0784125
1.7782787
2.1212945
1.9585968
2.0538225
1.922046
2.001493
2.082613
2.0002756
1.9815595
1.833277
2.0808227
1.9419256
2.0454783
1.9501495
2.0232215
2.060662
1.9514344
2.0428348
2.0599337
1.9191949
1.9945444
1.9933805
1.9979942
2.0202389
2.0878599
2.0779614
2.020769
1.9449656
1.8111608
1.9907303
1.9079716
2.0203898
1.9198701
2.0086875
1.8923544
2.0886948
1.9857111
1.9227626
1.9744478
2.0272925
1.9915193
2.1985917
1.9630721
1.8910992
2.0120502
2.050912
2.136341
1.8047829
2.0438852
2.0453455
1.9899673
2.0946858
2.0112371
1.9741096
2.071333
1.9921347
1.9955171
1.9954157
1.9031006
1.9771433
1.9443853
2.0590985
1.9032482
2.1886928
1.962888
2.0449135
2.0290322
1.9142847
1.9101341
2.0932376
2.0402596
2.0029483
2.0225217
2.0018613
2.139852
2.0356858
1.9816377
1.964083
2.137208
2.0056033
1.9884131
1.9401127
1.9705929
2.0063374
2.0264075
2.0706751
2.0620131
2.0861783
2.052678
1.973019
1.8983189
2.047812
2.1827781
1.8713255
1.9499629
2.081622
1.8929622
2.2735806
2.0657666
1.8775619
1.972112
1.9847736
2.1185758
2.0527072
1.997123
1.936161
2.0888891
1.9603474
2.0048604
1.9915899
2.106237
2.208078
1.9640547
2.0475032
2.062857
2.008493
1.8830049
2.0397103
2.0579352
1.9919033
2.0187373
1.9078602
1.8356037
2.0007505
1.9932343
1.9325756
2.012381
1.8189113
2.0224059
1.9716812
2.035718
2.133798
1.9290879
2.2458034
1.8713217
2.0873225
2.0280356
1.9261299
2.0429938
2.0127993
1.9439688
2.0694869
2.0504234
1.9695126
1.9654589
1.9428463
2.0428588
1.9952793
2.074181
2.126971
1.8515291
1.9976469
2.0662613
2.0998664
2.0853088
1.911721
1.9804268
1.9906051
2.0305448
1.8746125
1.8689411
1.985039
1.9958681
2.111062
1.8410019
2.018387
2.1800265
1.8583391
2.1139781
2.0412261
1.9913108
1.977412
2.1312861
1.9200442
1.9756501
2.126082
1.9502789
1.8197874
1.9160526
1.9354538
2.0413737
1.9192289
2.1386056
2.0068545
2.1364903
2.0190337
1.9407765
1.8023669
1.9850765
2.0334835
2.027907
1.7990984
2.026877
2.065289
2.018746
2.0172734
2.0441422
2.064354
1.930332
1.9344696
2.155054
1.8896999
1.9212948
1.958017
1.887735
1.8939135
1.8516848
2.110064
1.9568794
2.0958374
1.9622719
1.9994228
1.9367864
2.1647887
2.1436915
2.0361154
2.1337898
2.0635448
2.0246747
1.9905722
2.10881
1.8364624
2.0705686
2.0969625
2.0593128
2.0013297
2.0068743
2.2033272
1.9805984
2.0707433
1.968643
1.9520988
1.8276918
1.9534645
1.9987408
2.1624408
1.8292309
2.0914578
2.049216
2.323787
1.8506069
1.9286903
1.9783643
1.9981153
1.9469411
2.1182153
1.9878117
2.0811107
1.95449
1.9940417
1.9799662
2.0435476
2.0145595
2.0658736
2.0127616
1.9707954
2.0699515
1.953593
2.158825
2.0990937
1.8800459
1.8539212
1.9391321
2.1403265
2.0757842
2.155046
1.9713576
2.0331683
2.0191073
1.959254
2.0063634
2.0084937
1.9394524
1.9289484
1.8615736
2.0226417
1.903019
2.0527725
1.9745718
2.087098
1.9321716
1.9856097
2.0580325
1.9593298
1.8862118
1.9981844
1.9060856
2.2191455
2.1178737
1.8861338
2.117152
2.0371456
2.0275195
2.0293536
2.1051273
2.1173272
1.964235
1.9436147
1.9616343
1.9642384
1.9599521
1.973244
1.8344456
2.145686
2.032058
1.8903908
1.9764547
2.010221
1.9772203
1.9055593
2.0006082
2.0829682
2.0558896
1.9225298
2.0380864
1.9851272
1.887399
1.8057114
1.9975268
2.1020865
1.9156471
2.0688586
1.8301096
2.1401677
2.1659803
1.8938011
1.9703687
1.865238
1.8442714
1.8979123
2.061046
2.020183
1.9633739
2.2211685
2.0205436
2.074946
2.1021702
2.1204636
2.072328
1.9437841
1.9534744
2.0418048
1.9677597
2.077329
1.9608772
2.0652423
2.0436113
2.0489821
1.9885257
2.0582147
1.9858335
2.001586
1.9208893
1.9842479
2.0675676
1.9493929
1.8925402
2.0372214
2.070277
2.076674
1.9478099
1.8857296
1.987004
1.9408726
1.9094543
1.944334
2.0363398
1.8696759
2.0640352
2.1535
1.9049038
2.1379397
1.9266083
2.2220376
2.102965
1.9139588
2.059177
2.108804
2.1902587
2.1338177
2.1308813
2.2165532
1.9280198
2.0560076
1.9552937
2.1273687
2.0404613
1.9147838
1.9591124
2.0659108
1.9557946
1.9973387
2.196842
2.017393
1.9398072
2.0692677
1.9562914
1.9105091
1.9897598
2.0612571
2.2157915
1.9290653
2.108733
1.9574625
2.0079653
1.9534094
1.9086087
1.7534273
1.9582199
1.8031976
2.038295
1.8947151
1.8320599
1.9598728
1.955075
2.0563538
1.9539521
1.9919472
1.9882085
1.9759105
2.048447
2.1088433
1.9647633
1.9856104
1.9368944
2.0386617
1.981258
2.0315614
2.0175462
2.0381103
2.0790405
1.9879395
1.9106756
1.9925499
1.8930786
2.3067365
2.0103152
2.0425847
1.9384086
2.260235
2.1163042
1.9148346
1.9833273
2.017409
2.0175471
1.9330851
2.0169272
2.032307
2.014833
1.9177719
1.9588903
2.1566696
1.9272019
1.8811848
1.9107138
2.0328286
1.9452384
1.9594793
2.0309699
2.0918374
1.9076147
2.0599189
2.021911
2.0948727
2.0595562
2.0602586
2.0716293
2.0085554
2.0048518
2.0009043
1.9576715
1.9957244
2.0174
1.984409
1.8891065
2.0137925
1.9720942
2.1348372
1.9388489
1.8745521
2.087179
1.9417753
2.079265
1.905174
2.0090897
2.0136771
2.078635
2.1282294
1.8945242
1.9997609
2.0103002
1.8697493
1.9095911
1.9399245
1.999778
2.0614645
1.9642713
2.1675427
2.1912498
1.9204223
1.8611834
2.046428
2.2332664
1.9529552
2.2022998
1.9726799
1.8331894
1.9387271
2.1290817
2.164727
2.0780852
2.1220245
1.9513277
1.864625
2.1217337
1.9881033
1.9384964
1.7938995
1.9214725
2.090876
1.9515982
1.8494037
1.8369434
2.2089257
1.8911698
1.9063612
1.7842636
2.0483406
1.9425777
2.1084378
1.8338137
1.9969828
2.1960251
2.0847633
2.0292125
2.0911973
2.0826168
2.118239
1.9919666
1.9483528
1.8818724
1.933087
2.031368
2.0886526
2.0047572
2.088517
1.9214634
2.0212948
1.9030704
1.9779629
1.9744482
1.8492832
1.8396721
1.860676
2.0369043
1.8397347
2.1288295
1.9372485
2.1595387
2.0829892
2.1691298
2.0904818
1.9996026
1.9532948
1.8714281
2.0211709
1.9900211
2.1250377
1.8664424
1.9301443
1.9936581
1.9933374
2.0822299
1.9495322
2.0587945
1.9135349
