9.903516
4.745838
4.5790615
4.0902634
3.4419727
3.303814
3.3177562
3.1813307
2.9335685
2.7934976
2.8765645
2.7106366
2.5229523
2.6053002
2.6050477
2.5877986
2.4516022
2.432588
2.555297
2.30191
2.407083
2.5551255
2.425509
2.321115
2.492779
2.4008899
2.3269353
2.4268231
2.3959203
2.4068632
2.3789582
2.570623
2.273831
2.2514343
2.211142
2.2157083
2.3461082
2.2750552
2.3179483
2.3187435
2.4026952
2.1411297
2.211802
2.2773716
2.1029272
2.2480845
2.2915244
2.1609282
2.315114
2.4148035
2.379477
2.3199964
2.1045895
2.0835748
2.1333947
2.2193077
2.0321472
2.1892056
2.2544234
2.2089672
2.163079
2.247414
2.263941
2.1827266
2.0841613
2.126952
2.2632499
2.2197075
2.0974984
2.354402
2.2406044
2.0711527
2.0467825
2.1407635
2.2265022
2.1638432
2.0908725
2.268851
2.181529
2.174025
2.193944
2.0224736
2.0358124
2.044554
2.23549
2.2748344
2.2614503
2.140966
2.057815
2.1090827
2.1609843
2.0540962
2.2347767
2.1440291
2.0883062
2.0990548
2.0899615
2.2820947
2.1253417
2.0844789
2.1150002
1.9176115
1.982837
2.1079783
2.1617744
2.0784605
1.9339626
1.9554384
2.1185317
2.093328
2.1684144
2.0717206
2.086574
2.1256404
2.1589205
2.133143
2.080217
2.121899
1.9651575
2.1341324
2.095551
2.0168903
2.1062129
1.9743427
2.0780814
2.0148516
2.0766373
2.0811062
2.0114932
2.024521
2.1109846
1.9915816
2.0762913
1.9931746
1.954551
1.9833796
2.0475335
2.1311738
2.0690315
2.133194
2.0879283
1.9457552
2.4980893
2.0577164
2.1105442
1.9747057
2.0501258
2.02052
1.9269359
2.0532668
1.9882056
2.0198765
2.0462356
1.9566047
2.2293768
2.0194802
1.8748863
2.1695287
2.085309
1.9975805
2.1074162
1.9480902
1.9659355
1.975604
2.1862829
1.9382747
2.004528
2.225369
1.8960915
2.0659444
2.0795965
2.1222951
1.8662031
2.0583267
2.0590496
2.1378376
2.1954923
1.9588543
2.0837255
2.004233
2.0772982
2.217004
2.0956588
2.123572
1.97837
2.0219796
2.0791671
2.1590056
2.2017856
2.1264784
2.1196713
2.1262581
2.1144705
1.9437233
2.0648959
2.12405
2.0435886
1.9044567
1.962114
2.1526177
2.1277604
1.93892
2.0137806
1.8659832
2.1129065
2.067842
1.9426636
2.0087948
1.9362745
1.8904873
1.8894234
1.9755061
1.9869423
1.9719288
2.123626
1.9860814
2.1259384
2.0059447
1.8926853
1.9794283
2.0141912
1.9643784
1.9988453
2.023844
1.9936774
2.0060792
2.010734
2.139857
1.9407098
2.171124
2.1033926
2.0158503
2.0032678
2.0007215
2.0181265
2.2596145
1.9296894
1.9343723
1.9165668
1.9643856
2.0326052
1.910291
1.9565881
1.9722179
1.9937618
2.0954466
1.9907339
1.9844654
1.921767
1.9807409
2.134036
2.0412192
1.9419664
2.113323
1.972183
1.9761404
1.8906689
2.161378
1.9736513
2.0145175
1.9350255
2.0004802
1.9501797
1.9493853
1.936306
2.0912013
1.9118617
1.9286913
1.9295223
2.0544162
2.0080285
1.9371418
1.9911957
1.9240545
1.986282
1.948651
1.9834483
1.9315434
2.0049195
2.0238862
2.0658588
2.003445
2.032507
2.04085
1.949642
2.0854216
2.105308
2.0373147
2.0824196
2.1708448
2.0063174
1.8885326
2.0513465
1.988183
1.9588375
2.2284245
1.9457443
2.0150423
2.2147963
2.024266
1.9626955
1.9616137
2.0930047
2.168288
1.9417274
1.884059
2.0587697
2.0040858
1.9129543
1.9569429
2.0044446
2.1087935
2.0415213
1.8449337
2.1170373
1.9360144
2.158903
1.8567442
1.9778754
1.8889456
2.0607927
1.9178394
1.9987055
2.0086372
1.8517214
1.9907547
2.0323002
1.8940881
2.0579739
1.8508679
1.9084303
2.0803285
2.0281224
1.969334
1.8721596
1.9173759
2.1083572
1.8160614
2.0655856
2.0184193
1.9320173
2.0591629
1.8023199
1.9983613
1.9228945
1.9831898
1.9670563
2.0704002
1.9742768
1.909298
1.9909643
1.9210764
2.0642326
1.9065979
1.8844742
1.7515202
1.9491498
1.9432175
1.9213741
2.1017184
1.9064823
1.8364134
1.8434172
1.9069173
1.9487302
1.9351467
2.0134525
2.0590374
2.0439825
1.9306358
1.9076113
2.024351
1.9450506
1.9754082
1.9780756
1.9080139
2.0504405
2.0786946
2.0425286
1.9999192
1.9889923
1.9939924
1.9959507
2.019223
2.1103714
2.0407124
1.9109272
1.940314
1.901796
2.0532203
2.0515773
2.063349
1.8854824
2.0114822
2.0271802
2.0240834
1.9399264
2.0749881
1.9728578
2.1482606
1.9572189
1.9073492
1.9259737
2.034103
2.0500464
2.0900478
1.9365851
1.8259567
2.0368984
2.0549984
2.0544863
2.0953672
1.9893194
1.8534628
2.0146828
1.8744643
2.066997
2.1588197
2.0578036
2.0106895
2.011456
2.1169295
1.9868158
2.1387942
1.9501492
1.9603564
1.8816605
1.9281305
2.0395691
1.9550817
1.9597018
1.848469
2.0039144
1.8950615
2.1147916
1.8715721
2.08958
1.9004128
1.7849544
1.9756502
1.994688
1.9644747
1.9434679
1.8682461
1.8938615
1.8997532
2.0955849
2.151252
1.845293
2.018023
1.8959866
1.8473799
1.8885826
2.0401664
2.0887964
1.9284433
1.9833176
2.0512779
1.9605108
1.9079075
2.0875573
1.9681733
1.7593596
1.9112934
1.8459985
1.978706
1.9869602
1.8752635
1.9051214
1.7818168
1.9911909
1.7838783
1.8359644
1.9749272
2.0042853
2.0669546
2.248132
1.9022557
1.9838316
1.8921869
2.0057647
1.93545
1.8624799
1.9136015
1.9992222
2.239365
2.029646
2.142455
1.9266717
1.834864
1.8064966
2.0080183
1.8528916
1.9925677
2.0999537
2.1162157
1.9056461
1.9687729
1.9658964
1.8836876
2.000511
1.958049
2.0143702
1.7875019
1.997469
1.8631798
1.9164368
1.9920645
1.8948307
2.037782
2.084539
1.8231176
1.8610566
1.9377617
2.0429041
1.90212
2.0147254
1.8906496
1.9548575
1.9392334
2.0010586
2.0325818
1.8681364
2.020185
1.9310653
1.8907325
1.956365
1.9879961
1.9019642
1.8699675
1.9758313
2.0639021
1.9846833
1.8228948
1.7691014
1.7332064
2.026132
1.9311851
2.012279
1.9845076
2.0914283
1.9174114
1.8732294
1.921575
1.8541292
1.8793628
2.062836
1.8673788
2.0114102
1.945247
1.7159576
1.9086415
1.9272184
2.0864737
2.0225315
1.9778764
1.900116
1.8244712
1.9108502
1.8865398
2.0078444
1.985334
2.1438165
1.726238
1.9780918
1.8393905
2.0297914
2.0605981
1.9894896
1.8827808
1.9054711
1.9361126
1.8851519
1.9358351
2.0489724
1.8780248
1.9762026
1.9661043
2.1352522
2.0892746
2.0229745
1.8507744
1.8122019
1.9041576
1.959762
2.0272563
2.0258198
1.8797026
1.9007031
2.0720477
2.0195546
2.0162196
1.9219242
1.9995956
1.8603106
1.9474905
1.815357
2.0523129
1.840296
1.9276545
2.04444
2.038272
1.9215744
1.8914869
2.03711
1.8551983
1.9291496
1.9128557
1.8615345
1.932506
1.92661
1.8946804
1.9978796
2.0250409
1.818368
1.8918133
2.019891
2.0188742
2.1213326
2.079427
2.0138295
1.9576893
1.8197567
1.915768
1.9218302
1.9390284
1.9916462
1.961791
1.9943155
2.002545
1.9345996
2.011208
1.8960587
2.0160499
1.8834206
1.9716809
2.1443746
1.7840971
1.9116958
2.0446
2.1047215
2.0750976
1.8030211
1.9340042
1.9586271
2.01735
1.8899429
1.9985049
1.9719814
2.0305996
1.9204514
1.9038284
1.9241215
1.875037
2.030724
1.8860867
1.9232212
1.9058144
1.9358759
1.9866416
1.8842226
1.9576571
2.0835135
1.8528116
2.04984
1.8105825
1.9552381
1.9612786
2.0277526
2.0009475
1.8972248
1.9762135
1.785281
2.0888393
1.9027703
1.981657
1.9233892
1.9553362
2.0548549
2.0240498
1.9526457
1.8214328
1.815765
1.8147402
2.1321995
2.006874
1.856315
1.9398525
1.9036648
1.8942913
1.8406513
1.7496179
2.0194213
2.0832171
1.9702404
2.048519
1.8366553
1.9481239
2.0090606
1.9308981
1.9847982
1.9858654
1.9074234
2.1104536
1.7989662
1.9062359
2.0198226
1.9108841
1.8429676
2.017259
2.085334
1.9827373
1.8894584
1.8383213
1.9667174
1.8873008
2.0726829
1.9332689
1.8321619
1.9449723
1.8436005
1.85624
1.8469219
1.97992
2.0077589
2.0227182
2.014889
1.9073884
1.864032
2.0499058
1.9790922
2.0054405
1.9028947
2.0922294
1.864855
1.7667568
2.0538063
1.7688949
1.8842739
1.8569819
1.9695671
1.9904802
1.8648889
1.8018147
1.995911
2.0317583
1.8975232
1.9386078
1.8490479
1.9828756
2.0187092
1.9171864
1.878891
1.9677784
1.8683636
1.8397443
1.9860241
1.855429
1.7971684
1.9404352
1.948623
2.0379765
1.9400628
1.9792624
1.9465754
1.8282435
1.9463787
1.9875562
2.0360262
1.8216871
1.9003868
2.0322244
1.9520721
1.9081357
1.9043806
1.9855989
1.9514679
1.8171332
2.0039227
1.8979943
1.9489399
1.8921267
1.9420626
1.7321312
1.9729404
2.0295014
1.9565842
1.9200952
2.0526245
1.9025205
1.7911074
1.7837391
2.0040998
1.9024105
1.9752115
1.8830076
1.8937619
2.0908532
1.8816097
1.864475
1.7715784
1.7625782
1.8596714
2.0498142
1.9644239
1.958605
1.9658048
2.008203
1.7519668
2.0676672
1.8015282
2.0071588
1.9864496
1.917504
1.8973297
1.9195595
1.8974975
1.9428873
1.9049534
1.9967035
1.9065615
2.1482227
1.8826787
1.889481
1.9983851
1.9476929
1.910943
1.7944567
1.8979762
1.8603771
1.9206827
2.053453
1.9666122
1.9849088
1.8951136
1.9169419
1.9447705
2.0268424
1.9733728
1.8792717
1.9099882
1.9226376
1.8593508
2.0439901
1.8342717
2.127038
2.0103066
1.8374102
2.0122316
1.9875231
2.0635464
1.8477747
1.7275633
1.8433878
1.8077013
1.984513
2.04314
2.069196
1.9930608
1.9261458
2.0167065
1.9395996
2.0668314
1.9070556
1.9222088
1.89737
1.9838804
1.8839343
1.8711895
2.0143504
1.8721855
1.9954693
1.9756483
1.8456815
1.9393603
2.038199
2.1297393
1.902351
2.042174
1.8846476
1.9334123
1.8912752
2.0339913
1.8356028
2.096331
1.9466702
2.009378
1.7867085
1.9595379
1.961817
1.9622905
2.0091317
1.8390335
1.9123523
2.019668
1.932197
1.9045846
1.7880719
1.9572456
2.0318725
1.960111
1.9804035
1.8821914
1.9034245
1.9380128
1.9216759
1.9549986
1.9359863
1.9211336
2.0098681
1.9622316
1.7843462
1.9342562
1.8965946
1.9094855
2.0020702
1.7102286
1.9754369
1.9268515
1.984313
1.9256881
2.0970573
1.8409973
1.9328979
2.0288053
1.7967379
2.0520608
1.8901589
1.9347136
1.9901489
2.0192964
2.0682733
1.876057
1.9228084
1.7841774
1.9584363
1.8873885
1.9382794
2.019775
1.7940028
1.9384592
1.9123924
1.9981133
1.8290884
1.8734995
1.8785658
1.9412892
1.9084051
1.9963201
1.8014805
1.9668181
2.2733693
1.9914774
1.7337701
1.7828308
1.8262154
1.9217335
1.8821833
2.0058076
2.0918794
1.9861273
1.8172328
1.830925
1.9265925
1.9161228
1.9216598
2.0377421
1.9490535
1.9498451
1.88331
2.1346602
2.031529
1.944149
2.072661
2.0758128
1.9880327
2.1199021
1.8962647
2.0188918
1.9423403
1.9148823
2.0726097
2.0451424
1.878121
1.831451
2.0228133
1.942618
1.9758174
1.9913843
1.8998377
1.9638426
1.851855
1.8919379
2.0680916
1.8864027
1.9793937
1.9921148
1.9682758
2.010756
1.8780277
1.9640602
1.9311492
1.9316378
1.985268
1.8843067
1.9172415
2.2593808
1.8979664
1.7868297
1.9977554
2.0095806
1.9143155
1.917702
1.8542141
1.9334505
1.9442787
1.9034153
1.9240049
1.9017801
1.7670534
1.8853996
1.9459946
1.9239347
1.893758
1.9834807
1.9680983
1.8437983
1.9451506
1.9791095
2.0770452
2.0066283
1.9014717
1.878587
1.9641987
1.8176076
1.844628
1.8644698
1.9239031
1.7634141
2.0814106
1.9089067
1.9643914
2.010335
1.9158236
1.8488922
1.9875891
1.9031616
1.9590731
2.0205293
2.1444383
1.9460077
2.0602713
1.991243
1.9846014
1.7772329
1.820068
1.8219811
2.0515513
1.7815275
1.9798521
1.9102399
2.0377884
1.9345134
1.9435707
1.8708092
1.9975789
1.9337091
1.8887835
1.9050167
1.7118342
1.9471184
1.9800627
1.8548203
1.7879003
1.9099464
1.9580323
2.0421813
1.8569481
2.100565
1.9394681
1.884519
1.8408989
1.8482187
1.9226707
1.9950674
1.9784164
1.978059
2.0319934
1.9309804
1.9501674
2.040255
1.8692669
2.079562
1.9028708
1.942344
1.8547726
1.9898243
1.9558547
1.8245522
1.8461221
1.7162794
1.9546658
1.9436243
2.0714455
2.0343616
1.8203787
1.7940115
1.873526
1.8618466
1.8658966
1.9685196
1.8484777
1.9608234
1.9113423
1.965908
1.8637874
1.9619439
1.8575742
1.8406446
1.8470495
1.9532913
1.9482148
1.9868683
1.9421167
2.0343795
1.8055699
1.9408404
1.8950005
1.8302534
1.9005756
2.182937
2.078115
1.871959
2.0280204
1.941241
2.174522
1.9532875
1.7820911
1.838877
2.096714
1.9502783
2.0143976
2.0755882
1.978001
1.8537315
1.9040353
1.9240662
1.9712677
1.903229
1.9405493
2.0690694
2.0575247
1.9824696
1.8911003
1.9644579
1.924669
1.8826033
1.9684871
1.9821022
1.9506881
1.922451
1.9189125
1.9600725
1.9577844
1.9860084
2.0789123
1.8426977
1.9440043
1.9722084
2.0025814
1.9084707
1.787338
1.7594315
1.8711201
1.8900074
1.9444612
1.9532417
1.9709167
1.8583698
1.8864176
1.8448191
1.8206294
1.8972746
2.0595152
1.9290533
1.8657519
1.7959923
1.997349
1.985276
1.8433065
1.8088646
1.8955171
1.8529774
1.9804442
1.9833597
1.9655502
1.9211152
1.9800866
1.8175964
1.9230309
1.9140863
1.8949344
1.9953142
1.720961
1.9107004
1.9189408
1.871994
1.8479788
1.9651835
2.0583758
1.9385316
1.7484891
1.8312378
2.0224419
1.7828583
1.8910427
1.9290287
1.9866238
2.0167487
2.0053747
2.0583196
2.0922272
1.9942856
1.9220375
2.0664897
2.1175127
2.0115633
1.9617742
1.9792068
2.106221
1.9232626
1.9903733
1.942188
1.8312914
1.8110691
1.883201
1.9056082
1.9051368
2.0289726
1.8427263
1.840305
1.9566257
1.8918947
1.9608492
1.8482882
2.0811305
1.9547703
1.862429
1.9421351
2.0419445
1.8859816
1.8069103
1.935222
1.9482857
1.8632357
1.8383312
2.167014
1.9719055
1.9298356
2.080421
2.0204926
1.7825607
1.7981422
2.0932207
1.781214
2.0354683
1.9164994
1.8085228
1.8222383
1.9629751
1.9141302
1.9345022
2.0749493
1.8864772
1.9484819
1.907861
1.8847961
1.8029696
1.889731
1.8411595
1.8747959
2.0065136
2.1180892
1.8474863
2.0011156
2.0830646
2.0323675
1.7567971
1.9433477
1.7605387
1.8794043
1.7390578
1.9642063
1.8675514
1.9585613
1.8304745
1.8515959
1.910073
1.931274
2.07787
1.810611
1.8024346
1.9426756
2.01185
1.782608
1.864063
1.9143684
2.004271
2.054307
2.0844975
1.9475342
1.9362023
1.8510975
1.9603456
1.8411471
1.874115
1.9101484
1.9463701
1.964908
1.9068817
1.8060395
1.9092267
1.7557453
1.913559
1.8674366
1.8237941
1.9603361
1.9756435
2.064814
2.0270703
1.9482214
1.8387508
1.9770807
1.9014162
2.0290132
1.8621674
2.0129113
1.8670009
1.8340704
1.8958015
1.8726356
1.8288332
1.9866345
2.0177546
1.9841001
2.0052645
1.8754642
1.9227298
1.8827512
1.8808873
2.0402117
1.8382742
1.8689482
1.960589
1.8909334
1.8398463
1.9743627
1.9973736
1.8315547
1.9734612
1.8018589
1.8407303
1.858969
1.8902426
1.8763491
1.8680868
1.8266723
1.8912895
2.0353112
1.8440616
1.9348415
1.9111662
1.8699257
2.036911
2.0070586
1.9410346
1.9309447
1.8997638
2.0881054
1.8651928
1.941795
1.9328995
1.9001763
1.9367096
1.903928
1.9217488
1.8519402
1.9717963
1.9990118
1.9848884
1.8941692
1.7572685
2.019879
1.8555771
1.7796682
1.91891
1.8892702
1.8089393
1.9981215
1.7134625
1.9471995
2.0920537
2.0103765
2.113506
1.8701556
2.0099773
1.9397323
2.0267086
1.9305477
1.9500027
1.9271295
1.7938564
1.826113
1.9416109
1.9046352
1.8958248
2.0606608
1.9231535
1.9512275
1.972089
1.8189377
1.909025
1.9950111
2.004774
1.8621308
1.9412435
2.0243328
1.9075601
1.8896554
1.9584029
1.923104
1.9012636
1.9210215
1.7897444
1.9549965
1.9362328
1.8207232
1.9527245
1.9790313
2.040268
1.8908584
1.8325729
1.9498777
2.0456693
1.8494482
1.8397766
1.8226436
1.8541081
2.1121528
1.9329895
1.8856968
1.8861847
2.0866632
1.8856461
1.9488733
1.8228401
1.8794006
1.9874252
2.0336285
1.800128
2.131595
1.8813403
1.7914784
1.8121876
1.8235153
1.9617329
1.886393
2.1106367
2.0430834
1.8264711
1.997268
1.8023312
1.8978853
1.8562523
1.9395225
1.8632796
1.9286537
1.9513855
2.0329146
1.875658
1.898318
2.0044937
1.8802707
2.108651
1.8982757
1.9120909
1.9864258
2.0057683
1.9165007
1.7867085
1.8372357
1.8333353
1.9377785
2.0020475
1.8371556
1.9847873
1.8057644
2.0454488
1.8921471
1.9815162
1.9485233
1.9589832
1.9053482
1.9353597
1.8991092
1.9773693
1.9549339
1.9166346
1.9899228
2.038025
1.9218155
1.899332
1.8324105
1.9842049
1.7836329
1.9154198
1.8460953
1.8866794
1.869436
2.044233
1.8427169
1.9122465
1.9965166
1.9865572
1.9773924
1.8491449
1.7649103
1.9066292
1.9213142
1.8660672
2.0991616
2.0078874
1.9114931
1.9236648
1.9535773
1.8175585
1.8308456
1.8023535
2.0682967
2.0248375
1.9994771
1.8469406
2.0107324
1.9970028
1.8662975
2.0294225
1.8696712
1.9398159
1.8884771
1.8657253
1.9519593
1.8819096
1.9118551
1.7865072
2.0692248
2.067257
1.8728615
1.8815628
1.959451
1.9337397
2.061822
1.9397976
1.93731
1.965864
1.8962357
1.949069
1.8177128
1.8609335
1.905682
1.8910278
2.026462
1.8034515
2.0147796
1.7858887
1.9270897
2.00431
1.9540501
1.8649609
1.853059
1.9427283
1.9396664
1.810057
2.0382855
1.965794
1.9151335
2.038758
1.8097115
1.9420122
2.037116
1.9774088
2.105746
1.9303677
1.8320221
1.9125497
1.9606707
1.8438702
1.9427494
1.8600464
1.903106
1.8130417
2.0406394
1.8601084
1.9367502
1.957851
1.993103
1.836984
1.8796316
1.8060462
1.9432085
1.9130495
1.9590724
1.8776443
1.9666569
1.9531174
2.0399458
1.9383624
1.9636528
1.9675986
1.8595089
1.8749082
1.8861
1.8674557
1.9997587
1.8617941
1.9511303
1.8904196
1.7838064
2.0271392
1.9017128
1.8282238
1.867354
1.7074337
2.0212243
1.8445648
2.0284252
1.9997017
2.072681
1.970203
1.8777676
1.9258893
1.8443224
2.0067601
1.8477808
1.9218391
1.8824513
1.9346949
1.9411377
2.1437936
1.9917614
1.8441038
1.7891581
1.9346664
1.8441188
1.872319
1.8441786
2.0789979
1.9777658
1.8803047
1.8031883
1.9259884
2.0447583
1.808086
1.9327415
2.0002656
1.8700199
1.8617557
1.9809681
1.8687108
1.8661911
1.8418796
1.9992971
1.9820194
1.8864733
1.9663709
2.0402954
1.8452629
1.8745639
1.989589
1.9755919
1.8971064
1.9636438
1.9599831
2.0266888
1.8818004
1.9320208
2.0397885
1.8644426
1.8124301
1.8608011
1.7537464
1.9804313
1.9854691
1.9966227
1.9331319
1.9071429
1.8489227
1.9774516
1.8389107
1.95027
1.9663918
1.7640184
1.8277719
1.9585133
2.0453424
1.8846786
1.9319217
2.0253837
1.9152962
1.9202461
1.9121552
1.8886158
2.0704782
1.7826264
2.1474142
1.8702514
1.9777005
1.8057693
1.8588893
1.9523485
1.8747776
1.9240503
1.9312729
1.9398035
2.0271163
1.8828071
1.9437128
1.9558518
1.8603108
1.8389689
1.9034035
2.098353
1.8069528
2.1123767
1.8669012
1.9207739
1.9397461
1.9960501
1.9196857
1.7724537
1.7664878
1.8825004
1.8596647
2.0299256
1.9480118
1.878157
2.0067248
2.028265
1.8947651
1.963863
2.0183575
1.8556244
1.7346671
1.9439663
1.879726
1.8720894
1.8224285
1.8155311
1.98192
1.9406141
1.9840243
1.9743875
1.8567684
1.8659176
1.9803585
2.1629393
1.8595594
1.9511471
1.9259808
2.0104318
1.8666008
1.8608897
1.9079844
1.8951944
1.7870378
1.9117104
2.0224886
1.8225409
2.044712
1.7671896
1.8449452
2.0189877
2.0096788
1.8707844
1.9224237
2.1009927
1.9199673
1.9025514
1.7747676
1.9134191
1.8718176
1.9379202
1.8225046
1.8694057
1.9208515
1.7145866
1.8813884
1.994017
1.9401617
1.995092
1.836558
1.8498507
1.8454924
1.9760832
1.9746717
1.9293013
1.8104851
2.0699592
2.0224633
2.0114872
1.8042139
1.8482281
1.9291747
1.99377
1.9212182
1.9388666
2.0587049
1.800608
1.9893147
2.0537333
1.9083513
2.042645
1.9591335
1.9127588
1.7200788
2.016077
2.0268817
2.0319397
1.9676507
1.9288057
1.8613055
1.9947056
2.026422
2.0296373
2.0099664
2.0024915
1.8777195
1.8117406
2.0788627
1.9344927
1.8962924
1.9320532
1.9672015
1.9373491
1.7662646
1.8114173
1.9838161
1.9638519
1.8346258
2.0138206
1.9358971
1.9195019
1.9040384
1.8540771
1.9471481
1.834431
2.0893426
1.9962982
1.8085144
1.7704363
1.9507236
1.9205818
1.9683777
1.8546988
1.8796784
1.9978161
1.9807603
1.846873
1.9053495
1.9722319
1.9298996
1.7408365
1.9187294
1.8256083
1.8017887
2.098328
1.7477964
2.0023255
2.0081117
1.8660247
1.9965153
1.9085137
1.9695476
1.9441414
1.8965008
1.8784193
1.8383951
1.973196
1.9992416
2.0044918
1.7813648
1.8609117
1.8026025
1.9462979
1.8830111
1.9805155
1.7707382
2.0484996
1.9629192
1.782616
1.874006
1.7945513
1.9040549
1.9833863
1.8100612
1.9017833
1.8815314
1.9356468
1.8148295
2.0075498
1.9462299
1.8989432
1.7518485
2.060061
1.8315165
1.8674247
1.8482246
1.7921165
1.9047515
1.8878807
1.788266
1.9623477
1.9300925
1.811352
1.9148769
1.8163131
1.8671421
1.8511531
1.8963045
1.9284947
1.8206276
1.9441782
1.9629529
1.9680121
1.8537338
1.9647049
1.9801048
1.8748648
2.0001223
1.943862
2.0384603
1.8526976
1.9003322
2.0443468
1.9860703
1.9977185
1.8070459
1.7804058
1.8292242
1.8968112
1.925835
1.8425643
1.9868122
2.0147488
1.9691521
1.8125626
1.992032
2.1422343
1.8227764
1.9399586
1.9014677
2.0621178
1.784092
1.9479294
1.9254888
1.7902209
1.9634616
1.9545546
2.0508876
1.8761351
2.0177164
1.9399335
1.7198029
1.908782
1.815086
1.8351244
1.9076087
1.8189987
1.8611498
1.9357865
1.9364951
1.8155501
1.9175823
1.8840353
1.8952589
1.837891
1.7423794
1.9719948
1.9502695
1.9227384
1.8708998
2.044893
1.9365622
1.8187373
1.9669781
1.7968988
2.0876555
1.9112208
1.8811382
1.9013855
1.9025056
1.8581375
1.771014
1.8885105
1.884512
1.865194
2.0986564
2.039625
1.8914506
1.9755825
1.9849443
1.944885
1.6863868
1.8874763
1.9916664
1.8876604
1.8463745
2.0242887
1.8804535
2.010375
1.9269857
1.9416115
1.8840393
1.8953766
1.9501851
2.024441
1.9317611
1.7649295
1.8812189
1.9663309
1.9637172
1.9544151
1.9093078
1.9147888
2.1858444
1.8425732
1.8990206
2.08085
1.8636211
1.9057461
1.862014
1.9544563
1.8089688
1.8748585
1.964789
1.8794928
1.9714056
2.0025222
1.8559101
1.8512583
1.9746087
1.8590786
1.7169002
1.7735045
1.9801066
1.940232
1.8098551
1.8250587
1.8334095
1.8449656
2.070968
1.9017776
1.9395243
1.9019759
1.8202385
1.865654
1.8822199
1.8641722
1.8636357
1.9057451
2.0465343
1.8789562
1.9373996
1.8052231
1.9737285
1.8461628
1.9300969
1.9029818
1.8732338
1.9277012
2.0194595
1.8823223
1.9170796
1.8994278
1.9101425
1.9219992
1.9330343
2.0322447
1.9596348
2.086767
1.882193
1.8581848
1.8616383
1.9154621
1.7547995
1.8536161
2.0376666
1.9353762
1.956432
1.9424753
1.8077784
1.810387
1.8491949
1.7337196
1.8524275
1.9617102
1.7745212
1.794434
1.9153601
1.9208336
2.032292
1.8855007
1.9833857
1.8706529
1.8871143
1.903026
1.9928296
1.8511864
1.9476467
1.8925083
1.8432655
1.8080269
1.8538468
1.8401932
2.0247803
1.9862511
1.8750973
1.8303404
2.1501288
2.0071352
1.9734427
1.8409935
1.9525702
1.8643023
2.0137825
1.8502725
1.9421715
1.9970137
1.8685706
1.9041173
1.9078192
1.9644556
1.8346573
1.9504055
1.9783322
1.8259897
1.9788792
1.8453268
1.8504032
1.8872955
1.797134
1.7115158
1.8335813
1.9542596
1.9445121
1.9034822
1.9199688
1.9467615
1.9728686
1.8936268
1.9122661
2.0454376
1.8984035
1.8455055
1.905278
2.031119
2.0266376
1.8763173
1.8639944
1.9227995
2.0008361
1.8119152
2.005067
1.9151195
1.9951231
1.7702074
1.9816376
2.0071044
2.0382526
1.6996984
1.8616184
1.8397652
1.9512148
1.9100336
1.7109985
1.8372114
1.6737595
1.9771801
2.0109377
1.8526844
1.9732285
1.908007
1.9405956
1.8731863
1.8696859
1.8937864
1.9586079
1.7459128
1.9307106
1.772081
1.8664633
1.9373728
1.7524782
1.9694374
1.8646622
1.9581995
1.9234413
1.8514591
1.9190077
1.9105221
1.9349594
1.9530233
1.8470669
2.000907
1.8840212
1.8550346
1.9950613
1.9667313
2.1083305
1.9409183
1.8828167
2.0331302
1.8195598
1.9496235
1.987858
1.852898
2.0042324
1.9859002
2.0828435
1.951083
1.9935238
1.9250176
1.9287856
1.9606488
1.8141587
1.9546566
1.9002234
1.7859678
1.8982534
1.8130739
2.0283203
1.8105657
1.8529507
1.9776434
1.8446481
1.9284973
1.8456075
1.7997205
1.8167784
1.8131151
1.8244518
1.8685681
1.8955715
1.9071198
1.8504776
2.0314844
1.9239578
1.9365546
1.9380805
1.8827728
1.8654333
1.8383973
1.901755
1.9959294
1.8644135
2.0073247
1.8568385
1.8837869
1.884512
1.9308628
1.7875121
1.8978555
1.923364
1.7843723
1.7559751
1.7790234
1.9568697
1.8785931
2.0408368
1.8775173
2.0772462
1.9306818
1.8764099
1.901282
1.990949
2.0037048
1.8986778
1.8137639
1.8263066
2.10463
1.955526
1.9350322
1.9362866
1.7944988
1.9391537
1.829182
1.7956369
1.8393486
1.8811471
2.0027156
1.6965294
1.8892254
1.8899826
1.9454384
1.7949667
1.8421295
1.8698896
1.8842449
1.9246233
1.8428398
1.8893486
1.9550883
1.9340912
1.8848041
1.8726298
1.8680017
1.8076397
1.8082615
1.9143273
1.8710139
1.9481589
2.0016294
2.0032344
1.8672192
1.9442785
1.9164953
1.9217608
1.9217898
1.8329322
2.0177085
1.919788
1.8119211
2.0698328
1.9344193
1.8281658
1.8541731
1.8126876
1.8059244
1.9961903
1.7957567
1.8790547
1.8617084
2.0357945
2.0659862
1.823638
1.8424448
1.8012062
1.8435066
1.9154857
2.0634084
1.975206
1.9054925
1.9549417
1.9979436
1.8152088
1.9296572
1.9401243
1.921704
1.936878
2.0197861
1.9006252
1.9859645
1.8707079
1.9570739
1.9351803
1.9012632
1.9036411
1.8520567
1.874471
1.7435957
2.1011941
1.993693
1.9104656
1.9844067
1.9099534
1.8149124
1.915258
2.0051267
1.9816961
1.9821393
1.9840994
1.8041427
1.8764601
1.9286541
1.8549721
2.0724995
1.987847
1.8614833
1.8728523
1.8655565
1.8352139
1.9146545
2.0799124
2.1785884
1.8315008
1.8274815
1.8566555
1.8458674
1.9430554
1.8194879
1.9432042
1.8938805
2.0068438
1.8742765
1.8691456
1.8987814
1.9310715
1.8523678
1.807148
1.8068908
2.0208125
2.041283
1.9947138
1.9198824
1.9009098
1.9795542
1.8886486
2.019672
1.8590584
1.91548
2.1173644
1.9641016
1.9206339
1.9532455
1.8530458
1.8495214
2.0593345
1.876606
1.8872211
1.9536712
1.692125
1.9576164
2.051168
1.9184147
1.9108913
2.0708394
1.9958147
1.8422064
1.8485848
1.937588
2.0032945
1.7478737
1.9458536
1.9038486
1.7658069
1.9698231
1.9625123
1.8882958
2.0559096
1.9091265
2.043103
1.9241104
1.7349027
1.888353
1.9576168
1.8565893
1.9068003
1.8962772
2.0098655
1.9594609
1.8438514
1.7639443
1.8662415
2.0810223
2.0119064
1.8304075
2.1163867
1.9003675
2.0236616
1.9448178
1.907774
1.876804
1.778719
1.9526354
1.988663
2.0209727
1.8727093
1.7448082
1.8511469
1.9908167
1.9137537
1.8404022
1.80229
1.9246509
1.9824708
1.881448
1.8332322
2.0596616
1.8294445
1.978768
1.9214016
1.8638105
1.8394358
1.8841846
1.8545225
1.8386081
1.9154129
1.9026114
1.9998477
1.8967369
1.9547684
2.0935912
1.9780729
1.8461224
1.8113573
2.066276
1.8190575
1.953162
1.7526941
1.9736946
1.8039541
1.8294407
1.7960975
1.8977455
1.9612229
1.7384039
1.8882473
1.9894406
1.9371436
1.9572928
1.9427652
1.838177
1.8520012
1.92565
1.8972012
1.9881096
1.8323984
2.013862
1.892704
2.0305438
1.8190569
2.0007043
2.0160692
1.7695469
2.0540516
1.9195411
2.0462146
2.033193
2.0877979
1.8354696
1.9677308
1.9584233
1.9889723
1.9158008
1.8016212
1.8916172
1.8080158
1.8169811
1.9260756
1.9475956
1.9538168
1.9096693
1.8623387
1.8860922
1.8118995
1.7946899
1.9646406
1.9857199
2.018599
1.9176737
1.805089
1.9626436
1.9322551
1.9343255
2.0281441
1.8216913
1.8693413
1.885437
1.9282357
1.8408464
1.9106586
1.9508564
1.9244926
1.9926777
1.8764334
2.0595956
1.9166863
1.8932279
1.8037806
1.9816052
1.7112744
2.0441656
2.0044823
2.0003479
1.8321028
1.7876987
1.8527733
1.9745219
1.9200882
2.0410273
1.9144512
1.8161764
2.0098348
2.0463836
1.9969347
1.9354019
1.9648714
1.8916591
1.8682339
1.9025497
1.8635927
1.8924389
2.0297937
1.9387968
1.9530907
1.9469429
2.0545301
1.9219751
1.8060086
1.8532512
2.0039845
1.7202784
1.8738972
1.9237461
1.9613203
1.8161666
2.0401978
1.9040833
1.938103
1.9452925
1.9186128
1.9770339
1.9781361
1.8879147
1.8417766
2.0017905
2.0004363
1.9025638
1.9356763
1.9246811
1.9264826
2.0034223
1.8774372
1.894077
1.8012089
1.9652954
1.9429098
1.9571798
1.8332098
1.8596636
1.9395659
1.8301075
1.8582706
1.9315891
1.9182755
1.9071575
1.8599617
1.8337784
1.8521732
2.0162196
1.9403133
1.8731836
1.9551935
2.0304868
1.9300478
1.9100177
1.9037517
1.8855402
1.9074898
1.9834512
1.8741992
1.9644998
1.8730564
1.9067438
1.868771
1.7901962
1.904129
1.8508232
1.8775289
1.862839
1.8784087
1.9284214
1.9824114
1.9696411
2.0013134
1.9936556
1.9189007
1.8580748
1.9070385
1.8631188
2.1019244
2.0102055
1.9282433
1.7411312
1.7997032
1.9778235
1.9330513
2.0456429
1.9609731
1.9366095
1.8615932
2.0426059
1.8267124
1.9192482
1.8596275
2.0331285
1.9222324
1.8699303
1.8543555
2.57812
1.9645436
1.996381
1.8511734
1.9959543
1.937684
1.9034065
1.9565594
1.8283446
1.8768942
1.8536043
1.9189199
1.822286
1.811161
1.9560255
1.902264
2.0212445
1.9370506
2.0373335
1.7967297
1.9408382
1.8441608
1.9004285
1.9944826
1.856114
1.8853121
1.9135063
1.9971025
1.8055378
2.0008044
2.0420623
1.8635838
1.8832352
1.8859186
1.8696216
1.9298029
2.05887
2.0279624
1.9251175
1.7954683
1.7977293
2.059272
1.9125582
1.7790623
1.8119885
1.9666073
1.9114354
1.8640318
1.8345846
1.9501209
1.921016
1.8291496
1.8599269
1.9084839
1.8934482
1.798489
1.8550133
1.8416103
1.8552215
1.9942458
1.9627752
1.9728466
1.948691
1.9682415
1.9788568
1.8031365
1.982693
1.827853
1.8405125
2.0365057
1.8479517
2.0123441
1.788469
1.9942869
2.057937
1.8765007
1.9870037
1.7568172
2.0079267
1.9437876
2.1314018
1.9258235
1.8632348
1.9383751
1.7427546
1.9521723
2.0738072
1.968116
1.9689867
1.9617695
1.9025974
1.8939505
1.9073826
1.8654883
1.9296736
2.042095
2.042941
1.9115139
1.907108
1.9017853
1.8721302
1.8719733
1.8035911
1.8881931
1.7388794
1.86833
1.8162315
1.9081154
1.868791
1.9976822
1.8967907
1.8899605
1.8323635
1.7914474
1.8652788
1.9131743
1.8671372
1.9515779
1.8288101
1.9712474
1.7932594
1.9144249
2.0241864
1.8864958
2.011804
1.8942283
1.9016731
1.9586169
1.9583155
1.9514282
1.9465765
1.7313312
2.0440307
1.8457067
1.8853023
1.8596798
2.0226274
1.8931103
2.1114986
1.923592
1.829874
1.9549675
2.022413
1.8825958
2.0183368
1.8520787
2.0161414
1.7454876
2.0189824
1.6790237
1.9210479
1.8819377
1.8592904
1.8166307
1.8687357
1.988423
2.0665514
1.9176089
1.983777
1.83979
1.9275414
1.7969612
1.8036563
1.9758196
2.076445
1.9870393
1.8695492
1.7918999
1.9658921
2.099079
1.950785
1.9021676
2.0326848
2.003491
1.8101444
1.7428048
1.841502
1.9169588
1.9072969
1.9768937
1.9880787
2.0670407
2.0903966
1.9127258
1.9636176
1.8800949
1.9923271
1.9887345
1.9764818
1.8623368
1.9405391
1.748764
1.8671618
1.8069566
1.9927298
1.8663467
1.9904404
1.9144818
2.001327
1.8252754
2.0078347
1.8769655
1.9639237
1.9845225
1.9533688
1.914499
1.9261624
1.9616749
1.9357713
1.8940417
1.8665762
1.9858446
1.9138893
1.9713163
1.9220564
1.8667259
2.0617802
1.8733561
2.0014653
1.8594166
1.7833455
1.8914232
1.9217418
1.999264
1.9187902
1.9662367
1.8629472
2.0382514
1.8705308
1.8999555
1.8414444
1.8350223
1.9474957
1.8634666
2.082597
1.8101637
1.816169
1.7695048
1.9168713
1.8744268
1.9817991
1.7874438
1.825587
2.0210905
1.921854
1.7958472
2.1046271
1.8042005
1.926594
1.9600998
1.905727
2.003695
1.9713669
1.9354866
1.8339342
1.8141727
2.1159687
1.7995678
1.7658997
1.8485464
1.9418808
1.9653324
1.8539743
1.9313757
1.7816731
1.7887663
2.0303922
1.8311888
1.8863579
1.918733
1.8065965
1.8639963
1.9591995
1.9495213
1.9783099
1.8923357
1.9053822
1.9021604
1.9158014
1.8962177
1.9988382
1.9093513
1.9243205
1.9736869
1.8721523
1.9136956
1.8917933
1.8812454
1.8883736
1.9345465
1.9054188
1.9156306
1.9400972
2.0704422
1.9618618
1.8850282
1.8044083
1.8509197
1.9923258
1.8695915
1.9564459
1.8742263
1.9612404
1.8279924
1.8820133
1.9747196
1.9532378
1.9241488
1.8619102
2.0609725
2.0018544
1.9804319
1.8760445
1.9788544
1.8508402
1.8859289
2.0998523
1.9169725
1.9825184
1.8146986
2.0902476
1.9336405
1.9368865
1.8921573
1.966863
1.8211529
1.949696
1.8837414
1.91147
1.758153
1.9115238
1.9722561
1.7805355
1.7540346
1.8376442
1.904733
1.8810574
1.8720095
1.887783
1.9782679
1.8728349
2.048569
1.7875162
1.9087136
1.9447157
2.0077069
2.041901
1.8950707
1.8249937
1.9109226
2.150078
1.8787735
1.954489
1.8721011
1.8907334
1.8983635
2.0355642
1.9138277
1.9323797
1.8868077
1.9711084
1.941198
1.8175471
1.8595295
2.1207583
1.8823293
1.9462248
1.8440777
1.9672562
1.9993547
1.8706934
1.8710907
1.9963297
1.8582605
1.8910549
1.984265
1.9038397
1.8115994
1.9113764
1.8345442
1.8842659
1.7964308
1.9751008
1.8305107
1.8782533
1.9915892
1.8947964
1.9618311
1.9740673
1.9142433
2.043508
1.8217342
1.860598
1.9057782
1.95202
1.8968601
1.8003098
1.9466442
1.9243555
1.8596529
1.9136341
2.069346
1.9960607
1.9397857
2.1370213
2.14092
1.7825861
1.8797891
1.8131521
1.9768295
1.8599691
1.9595833
1.9860996
1.8673617
1.7797539
1.8835762
1.8626859
1.9049809
1.8639774
1.9394242
2.038393
1.8670403
1.8433332
1.9965494
1.760706
1.999213
1.9540327
1.8453214
1.9367688
1.9155414
1.784141
1.774895
1.8601538
2.0042858
1.9111189
1.8821278
1.8544985
2.0264297
1.8305098
1.8826821
1.8710032
1.9492075
1.9160931
1.7922885
1.9304882
1.8751724
1.8634965
2.0594869
1.8532938
1.7692158
1.9685634
1.9535812
1.8374903
1.7420162
2.0483685
1.9730816
1.7901468
1.9477222
1.9149822
1.8808085
1.9668369
1.9364303
1.9132798
1.8397118
1.9143944
1.8401867
1.9297428
2.2958317
1.998979
1.8826975
2.0600266
2.0964017
1.7859752
2.0133069
1.8492969
1.8493837
1.8573202
1.7871783
1.9886682
2.0119653
2.0670161
1.7608805
1.7540748
2.0042088
1.9181436
1.8658345
2.0476937
2.032607
1.8653233
2.5727515
1.9619122
1.7314113
1.789311
1.8131773
1.9193747
1.9501005
1.803484
1.9023438
2.0274448
1.9438206
2.0311995
2.0046952
1.9873698
1.9487228
1.9797475
2.1129363
1.9274712
1.9280981
1.9680221
1.8545799
1.8197607
2.409321
1.9601557
1.831184
2.1583874
1.7175658
2.0067477
1.9031122
1.8042082
1.9667559
1.8781732
2.0031204
1.8126647
1.7719615
1.8935833
1.6944673
2.0245333
2.1184855
1.9620184
1.8513641
1.9737253
1.9275093
1.8999672
1.9312493
2.0493262
1.8802061
1.9365648
1.805659
1.8447415
1.8474756
1.9003754
1.7572315
1.8082529
1.8657849
1.9015043
1.915567
1.8475294
1.9500189
1.8920654
1.8023363
1.8065548
1.9141601
1.8856663
1.789601
1.89895
1.9342301
1.956638
1.9194254
1.9737762
1.8940331
1.7773243
1.8232332
1.7684
1.9729931
2.077357
1.9439251
1.9216022
1.900061
1.9412489
1.8756977
1.882107
1.9201797
2.0602152
1.983483
1.9366744
1.8502144
1.866431
1.963686
1.9952255
1.9355013
1.9457874
1.9788882
2.1801734
1.8183056
1.8640883
1.7946274
1.9077018
1.9233109
1.9726856
1.8903824
1.9675996
1.9082336
1.929404
1.8716581
1.9693807
1.9813677
1.7888594
1.9376739
1.8896587
1.7527533
1.9597442
1.8469378
1.9437011
1.9198084
1.9662025
1.877445
1.9382976
1.9513834
1.9797184
1.7367909
1.8067989
1.9710327
1.8421694
1.96029
1.9319651
1.8972285
1.9301586
1.9000088
1.9654834
1.7548662
1.949179
1.8991379
1.8634949
1.9976437
2.1032805
2.043377
1.9285856
1.9155296
1.8816509
1.7654537
1.9783356
1.9712639
2.0516958
1.9362447
2.0499806
1.7666252
1.8963223
1.8973086
1.7766119
1.9250686
1.9575447
1.9636714
1.988649
1.7977047
1.805769
1.7361511
2.1079466
1.7013752
1.9453137
1.9404974
1.912062
2.0590074
2.1455665
1.8890625
1.9553254
1.830464
1.7617152
1.8045883
1.8505802
1.8650573
1.8443756
1.894994
1.8213406
1.7630529
1.8895136
1.7990875
1.83237
2.0483716
1.8666805
1.8406208
1.8375809
1.8918089
1.987961
1.8109497
1.9604515
1.9513586
2.035645
1.8940672
1.7846607
1.7780745
1.9555757
2.091335
1.9007721
1.820854
1.8704522
1.8691257
1.7886022
2.0414662
1.9178966
2.0015073
1.9614594
2.278304
1.8715235
1.9697937
1.9276924
1.801276
1.819803
1.940284
1.8381882
2.0074718
1.9645703
1.7071044
1.9304049
1.8651146
2.014297
1.8560629
1.8967888
2.0247798
1.9104869
1.9797634
1.8514462
1.9440527
1.8975956
1.8402264
1.9652796
1.9082949
1.7687155
1.9452038
1.858818
1.9649731
1.89208
1.9395577
1.912426
1.943498
1.7706217
1.9710394
1.934048
1.9165936
1.9059265
1.8837779
1.9020323
2.0602202
1.8994515
1.9483799
1.9846992
1.9273144
1.843227
1.907397
1.995485
1.9462383
1.9809141
1.9053482
1.8911232
1.8367558
1.8496376
1.9953201
1.9116249
1.77165
1.9070923
1.8358691
2.0162425
2.0521433
2.0903149
1.9715008
1.9990143
1.820595
1.872196
2.114683
1.9826481
1.7634579
1.8711809
1.8773158
1.8746231
1.9667728
1.9307503
1.7864258
1.9247242
2.119765
1.8474312
1.915005
2.0674198
2.0019932
1.9215298
1.9663105
1.8731846
1.8674294
1.8918613
1.7578036
1.8888792
2.0413487
1.9099519
1.8105814
1.8642616
1.8640236
1.9208705
1.8460509
2.0033183
2.0825803
1.7555813
1.9238411
1.9051735
1.750262
1.7597821
2.1835234
2.0302782
1.8320637
1.9555156
1.8560283
1.988678
1.8875338
2.0356808
1.7941945
2.0605016
1.8907211
1.9374971
2.062264
2.058145
1.9819868
1.8429182
1.9480528
1.9223305
1.9350141
1.8596823
2.047892
1.7850014
2.1113966
1.8443327
2.042151
1.9138825
1.9587338
1.8360134
1.9615002
1.8580687
1.9683472
1.8239
1.7996004
1.7791477
2.053555
1.8359916
2.000736
1.8637657
1.97043
1.9541467
1.9429039
1.9917059
1.9906772
1.8631579
1.8262335
1.9618286
1.7235496
1.8466135
1.9319798
1.9873755
1.8722279
1.9064083
1.9067417
1.878334
1.9620914
2.0088701
1.9220451
1.8801029
2.006263
