9.903498
4.1501617
3.7301872
3.4605205
3.0841997
2.900748
2.7804835
2.983232
2.8042858
2.768814
2.7530534
2.8197856
2.7145352
2.7845442
2.6746516
2.6070437
2.6371949
2.6022174
2.483732
2.4488
2.4737825
2.4093156
2.5234745
2.6326182
2.5158715
2.4903479
2.5062828
2.499345
2.427155
2.5897837
2.6044383
2.4907684
2.4545865
2.411368
2.5036814
2.4784894
2.4912302
2.4016852
2.5670128
2.5647674
2.3285677
2.3524525
2.390323
2.31223
2.528161
2.3000875
2.292007
2.392469
2.4262075
2.3260987
2.1943097
2.3791318
2.4039483
2.4522483
2.5123143
2.3922896
2.3570952
2.47498
2.3165734
2.4092555
2.234323
2.3402915
2.4355476
2.4790113
2.1928554
2.3015945
2.2803974
2.1757364
2.2928433
2.3993354
2.3685288
2.2571187
2.2676177
2.2889297
2.3025498
2.2640567
2.3522484
2.39779
2.2921996
2.3785255
2.3163257
2.326879
2.3817248
2.365666
2.304065
2.3131042
2.1679938
2.3648562
2.296498
2.385714
2.0625257
2.301543
2.1389775
2.162314
2.3173544
2.2201214
2.2606657
2.4376345
2.3078656
2.233244
2.2400448
2.2909846
2.3731585
2.114663
2.322175
2.2733626
2.3162518
2.208069
2.267156
2.3214002
2.2497962
2.325591
2.2185445
2.1654847
2.274736
2.307146
2.172837
2.3065717
2.260181
2.2210019
2.429404
2.1496027
2.260542
2.2085009
2.1850533
2.1560102
2.3465736
2.3431165
2.3402877
2.1420665
2.3636982
2.4101593
2.1216607
2.1642456
2.2293754
2.2115328
2.2894797
2.355454
2.1262584
2.2636216
2.1414714
2.0900788
2.708361
2.215123
2.2615066
2.1884723
2.0473435
2.0930722
2.153085
2.1852973
2.1593657
2.2064831
2.1230795
2.167665
2.183218
2.2306764
2.2487147
2.1644654
2.2301803
2.034374
2.1190734
2.1509051
2.1776009
2.231003
2.2571428
2.2241473
2.2309787
2.215019
2.0339866
2.1656706
2.2453055
2.1720753
2.1246989
2.2280989
2.228477
2.266852
2.3856921
2.2247708
2.2002904
2.3131776
2.1056166
2.119021
2.1802807
2.1159961
2.3382144
2.226869
2.159412
2.0991714
2.1996534
2.0159607
2.121189
2.1732278
2.1678267
2.1512966
2.0541966
2.1921268
2.201251
2.053389
2.0615554
2.170739
2.0825727
2.0947847
2.084723
2.231508
2.077742
2.0654488
2.1364253
2.309014
2.0929651
2.2790937
2.0634127
2.1666415
2.1770885
2.3453023
2.0527174
2.1631083
2.1983647
2.1365902
2.2454724
2.199862
2.1879547
2.2977939
2.1154513
1.9589388
2.202477
2.1220424
2.0731208
2.088096
2.0040522
2.0936775
2.1083617
2.1014135
2.1377144
2.2293594
2.1906173
2.106602
2.2502737
2.231631
2.1176333
2.2729406
2.1128957
2.1273875
2.141252
2.0450559
2.093066
2.1843786
2.2037578
2.1370196
2.138867
2.0809693
2.2586956
2.2598784
2.1075764
2.0449557
2.0709941
2.0881333
2.1735904
2.0798767
2.1518912
1.9529632
1.9685848
2.103123
2.100128
2.057035
2.2779155
2.177403
2.0480678
2.1181703
2.0782056
2.1674538
2.1871064
2.1438215
2.2213616
2.140975
2.1297555
2.1729577
2.1616347
2.114264
2.1997313
2.301064
2.0800748
2.1876771
2.1296253
2.1994057
2.6165519
2.0652173
2.2576962
2.084704
2.124718
2.073587
2.2634366
2.1059282
2.0317602
2.17526
2.0069404
2.2594697
1.9852012
2.276836
2.1278906
2.109737
2.1490526
2.0781162
2.0568266
2.1754453
2.1397111
2.255656
2.187291
2.1463265
1.9660556
2.2343569
2.302359
2.2200966
2.2299426
2.17769
2.2041895
2.1772442
2.20286
1.9840056
2.1718647
2.0334058
2.0637755
2.1875613
2.2393231
2.204719
2.222546
2.237426
2.2647748
1.985227
2.190057
2.033791
2.2156744
2.220896
2.0770068
2.1130033
2.139428
2.2910721
2.0525353
2.028909
2.2385995
2.0385678
2.1424172
2.1396186
2.1762602
2.1413662
2.1218028
2.1385946
2.1259875
2.165913
2.1491284
2.2348993
2.1155517
2.2598739
2.2124393
2.0075862
2.197658
2.2588143
2.134009
2.1203303
2.2509208
2.0609245
2.1388466
2.2177756
2.2099996
2.0312617
2.0035324
2.1619475
1.95943
2.109793
2.1129959
2.1544871
2.1031578
2.153794
2.071784
2.0277638
2.0848913
2.2028987
2.1573417
2.0203323
2.1022987
2.049122
2.1048543
1.9507936
2.0037692
2.096479
2.3051147
2.1807594
2.042884
2.014893
2.1319358
2.025558
2.0863633
2.2591412
2.2187715
1.9702078
2.3375714
1.9847782
2.2549603
2.1288705
2.0647173
2.2098646
2.2545254
2.0613449
2.1610143
2.0252304
2.2822542
2.0564067
2.1817493
2.3405576
2.202938
2.2624927
2.1900551
2.225792
2.183223
2.253584
2.0128262
2.0941708
2.0615766
2.07618
2.0145237
2.1210718
2.2257054
1.9475205
2.0240064
2.0060308
2.2051833
2.1418414
2.3909886
2.2394068
2.064199
2.1143713
2.0505426
1.9987614
2.1232429
2.1338158
2.1435623
1.9759662
2.0357144
2.172007
2.1353905
2.0942676
2.1772695
2.0318093
2.1654987
2.2028852
2.0731502
1.954826
2.092803
2.1218386
2.1097121
2.0725067
1.9672449
2.1220932
2.1877112
2.1718993
2.1206594
2.0308778
2.1067793
2.1062505
2.1383405
2.2578855
2.1377616
2.1517882
2.1380384
2.148461
2.0765176
2.064499
2.093997
2.029977
1.9883301
2.13635
2.2747777
2.135437
2.0749621
2.0937812
1.9946674
2.1395936
2.0960097
2.1581242
1.9856517
2.1883967
2.2445927
2.156447
2.126405
2.0849655
2.1445851
2.1848416
2.1951454
2.1276596
2.117332
2.1940494
2.1516023
2.1963134
2.085869
1.8976094
2.0438595
2.070966
2.0400827
1.9898548
2.2155743
2.1100893
2.273943
1.9174427
2.0980878
2.0891697
2.1563587
2.0537305
2.0364194
2.2193818
2.1486418
2.1778781
2.0274796
2.071034
2.092444
2.0059485
2.048047
2.0294492
2.135237
1.992226
2.2119458
2.030632
2.0152688
2.032723
2.295401
2.1196427
2.1149
2.1747918
2.2290332
2.1235223
1.9780977
2.1466537
2.1171882
1.9832112
2.131824
2.0302715
2.1644788
2.0269465
2.3073182
2.0551054
2.120052
2.012645
1.9902115
2.1074493
2.1257942
2.2603917
2.1550467
2.2640984
1.961529
2.2214096
2.0442624
2.0615864
2.0194306
2.0433474
2.0710392
2.002468
1.9864285
2.0812352
2.1403897
2.1219456
1.9930557
1.9833294
2.1595073
2.1126537
1.8679869
2.14828
2.0468545
2.1726263
2.0918345
2.1768405
2.322764
2.132957
1.9308851
2.1838045
2.1523826
2.0769024
2.2271457
2.0694985
2.0787432
2.0018592
2.1845157
2.2509918
2.0756338
1.9904163
2.034362
2.1284235
2.1276197
2.1573277
2.2719975
2.0866537
2.0995612
2.0286589
1.9872487
2.1056952
2.0308337
2.2411888
2.1326368
2.0567076
2.0615985
2.2051709
2.1620362
1.975058
1.9776945
2.1798966
2.030525
2.1142764
2.0710342
2.045076
2.0695422
2.2070746
2.11331
2.1756883
2.0329459
2.106867
2.132443
2.1275845
2.1556795
2.1431267
2.0351624
2.1906881
2.0681043
2.1008596
2.1602056
2.125875
2.0430098
2.1191895
2.1448867
2.1482885
1.9840889
2.0655658
1.9235588
2.1268516
1.9685519
2.0929294
2.0781257
2.1259842
2.2097745
2.141978
2.1037993
2.2434478
2.1167088
2.1453516
2.0600083
2.245294
2.1962123
2.0449357
2.0537748
2.2856364
2.0428479
2.2182868
2.1028035
2.1545448
2.1584792
2.0179439
2.0587363
2.0259073
2.0851493
2.0030775
2.0547113
2.1038957
1.9426543
2.0649636
2.1118088
2.1791375
1.9928539
2.2106686
2.1688035
2.1130226
2.214563
2.0442882
2.1545374
2.0440998
1.9792712
1.990004
2.0625265
2.0636573
2.109208
2.0712597
1.9879881
2.1576889
2.166099
2.347591
2.0768225
2.1967766
2.098414
2.0405896
2.1562316
2.0817204
1.9763075
2.032365
2.1212966
1.9831078
1.9331068
1.9940437
2.0399487
1.9954996
2.0166728
2.1103733
2.1697981
2.243653
1.9155289
2.2352264
2.0253575
2.0668423
2.03445
1.9859922
2.063482
2.0798526
2.132272
2.153603
1.9821718
2.1093264
2.3999803
1.9738617
2.095699
2.031066
2.1599708
2.1403975
2.2268379
2.08632
1.9119037
2.0456092
2.113214
2.140586
2.0183952
2.0896058
1.9148706
2.0911257
2.040179
2.1420054
2.2671838
2.2102337
2.231531
2.1177566
2.1225915
2.1615198
2.2188773
1.9130383
1.9823923
2.1934943
2.1193168
2.0274808
2.1020613
2.154138
2.0239143
2.0092132
2.0086792
1.999423
2.1644752
1.9818951
2.0892398
2.091644
2.022323
2.1253214
2.1318045
2.042081
2.1868935
2.0500195
2.2325196
2.0605054
2.1200356
1.9284792
2.1003366
2.2903862
2.274043
2.226914
2.2092946
2.1365852
2.1011655
1.9728762
2.130246
2.0155017
2.0925717
2.203513
2.0791166
2.1572466
2.079212
2.2173517
2.0776095
2.0786285
2.001996
2.2231243
2.1590197
2.1294036
2.029079
2.160192
2.1512244
2.0005143
2.0667052
2.091618
2.1671758
1.9884306
2.0045533
2.0859978
2.1518083
1.9897339
2.0989306
2.176739
2.301595
2.0749614
2.1813731
2.0583928
2.156466
2.1553054
2.2100842
2.234395
2.0797875
2.034502
2.1203647
2.1666255
2.10239
2.1443493
2.1347466
2.1552405
2.1254897
1.9765434
2.048677
1.9477247
2.120762
1.9773486
1.9989697
2.1666648
2.1044853
2.16077
1.8673842
2.0776582
2.1240933
2.1541371
2.013649
1.9116634
2.107599
2.103737
2.0376942
2.037485
2.0425432
2.182448
2.0558524
1.9735447
2.105307
2.0531192
2.2716117
2.1201737
2.0142882
2.1158757
2.1946464
2.1220918
1.9158018
2.0586743
2.1250641
2.0743759
2.0783248
2.012566
1.9463139
2.0859818
2.317112
2.1083088
2.197104
2.0419514
2.1019912
2.14906
1.9544691
1.8882344
2.0631955
2.050944
2.0824482
2.064281
2.0780642
1.9812511
1.974453
2.145729
2.1250024
2.0625777
2.064583
2.1136982
2.0491467
2.0255265
2.008704
2.054063
2.1016111
2.0563037
2.0475745
1.945364
1.8699687
2.0742745
2.1240618
2.0300927
2.1528497
2.0582316
2.0538318
2.0110116
2.000405
2.207578
1.9738033
2.1384892
2.1887314
2.1186357
2.1356454
2.0812998
2.1154277
2.0071855
1.9668385
2.0547554
2.062999
2.2127967
2.1312027
2.081637
2.156586
2.1408925
1.9162006
1.910561
2.1352444
2.1781628
2.187236
1.9871706
1.9823151
1.970649
2.179952
2.0493023
2.0166159
2.1007357
2.0968862
2.0144565
2.019809
2.1555314
2.0709429
1.8806139
2.09432
2.1680055
2.0157013
1.9543362
2.1333199
2.168996
2.148516
2.1158123
2.0625553
2.2841105
2.075182
1.9506838
2.1612709
2.0169303
2.1569035
2.211503
2.1452801
2.0137353
1.9983069
2.1890836
2.0119908
2.1547494
2.042003
2.007653
1.9743029
1.9486542
2.0216968
2.2049193
1.9481493
2.1722941
2.1196682
2.0306907
2.0557313
2.2024255
1.9902391
2.20211
2.1437535
2.045115
2.251687
2.0279164
1.9765533
2.0554957
2.1499677
2.0869398
2.0570297
1.9865487
2.223994
1.9396225
2.1322243
2.0759423
2.0122802
1.9436312
2.0322297
2.1723456
2.026378
2.0748801
2.1765053
2.1403384
2.0859292
1.9894016
2.024198
2.0493624
1.9006164
2.0503643
2.060143
2.0450852
2.0591977
1.9139353
2.1503096
2.16896
2.1710014
2.0459752
1.9525989
1.9728487
1.9057577
2.1549807
1.9181274
2.0960183
2.1471562
2.2858915
2.0825064
2.0143466
2.026213
2.307568
2.1955025
2.2538188
2.0302505
2.110818
2.018045
2.159181
1.9926805
2.140099
2.0409987
2.126383
2.0021539
2.1503992
2.0321808
2.070254
1.9994532
2.0416412
1.9835268
1.9895061
2.12033
2.2291436
2.1558175
1.8848215
2.1132083
2.0516825
2.0533726
1.9606625
2.128387
2.1710126
2.0011115
2.162377
2.0711248
2.008122
2.07186
2.1123204
2.127092
2.0625432
1.9221897
1.9271702
2.134819
2.0950332
2.158175
2.2245996
2.1695118
2.164382
2.1331868
2.1248124
1.9646358
2.0564885
2.13201
2.1145616
2.0701976
2.0229173
2.030293
1.9472214
2.1781728
2.007984
1.972011
2.0807729
1.9818447
2.1404698
2.146545
2.0845928
2.1435325
2.0146089
1.9679235
2.267629
1.9637467
2.0896473
1.8936796
2.1173067
2.1427412
2.1238053
1.9916525
1.9321387
2.017437
2.053213
2.0284805
2.014356
2.094665
2.1843736
2.0093708
2.166514
1.949674
2.0360153
2.19214
2.1082547
2.214766
2.1040206
1.963887
2.1666625
2.0575962
2.0846868
2.0265164
2.0482934
1.9989865
2.1576831
1.975626
1.9798586
2.144631
2.1981988
2.0679367
2.095841
2.0307207
2.0441241
2.1498477
2.0264058
1.971188
2.1298664
2.0018337
2.1338086
2.1526947
2.194378
2.126749
2.0150933
2.0453043
2.1660733
2.05658
2.1942463
2.1500542
2.0135229
2.0213904
2.10877
1.954269
2.031536
2.0597694
1.9300973
2.0913548
2.1745176
2.3770247
1.9947081
2.0001369
1.8352791
1.9299332
2.0767329
2.225265
1.9823525
2.033839
2.0846343
2.146546
2.0506303
2.0397887
2.0415277
2.142583
2.144373
2.0523467
2.099196
2.0320644
2.084913
2.0316753
2.152111
1.9916328
1.9816675
2.0851789
1.9396544
2.077189
2.0279374
2.04811
2.0103905
2.0913787
2.2131913
2.064372
2.155891
2.0614243
2.3390236
2.1287365
2.0494845
2.0616794
2.1647696
2.1310787
2.0964103
2.1188293
1.9495417
2.1050515
2.1274953
2.1576445
2.0653653
2.0029192
2.071387
2.1104484
1.9953388
1.9081014
1.9776001
2.1567197
2.099926
2.1921782
1.8318115
2.0350525
2.0973794
2.0800126
1.9974571
2.071752
2.0037854
2.2154605
2.0264814
2.1127048
2.0210822
2.0237198
2.0064876
2.2799993
2.1069412
1.9730555
2.1084225
2.1263463
2.0717492
2.1244411
2.0816283
1.9707005
2.0927143
2.0764737
1.942037
2.0745232
2.0203338
2.0855908
2.0889733
2.0867937
1.9981842
2.0741465
2.2882671
2.1233015
2.166831
2.1352324
2.0518594
2.070703
2.0022163
2.0328128
2.0127108
2.141259
2.0144675
2.2010014
2.057515
2.0944896
2.1252296
2.0944467
2.0591476
1.9409708
2.2483017
2.1722438
2.1366355
1.9750986
2.093747
2.008984
1.9989414
2.0826423
1.951478
2.0077496
2.0830486
1.9375538
2.0749774
1.9718454
2.1049678
2.2580514
2.241752
1.9094082
1.9016311
2.000758
2.1020207
1.8971392
2.049427
2.0933356
1.8668076
1.924477
2.0886447
1.915828
2.099035
2.1843
2.0617137
1.9558258
2.1836305
2.051407
1.8710362
2.1664588
2.125753
2.114956
2.0800135
2.0995946
2.0685391
2.0642576
1.8803889
2.100398
2.0259242
2.1432877
1.9319041
2.0489764
1.9683354
2.1795642
2.019626
2.1316736
2.0465386
2.0431361
2.3417418
1.9981177
2.1716514
2.1860585
2.0433595
1.9593636
2.1059582
2.0393693
2.0046716
2.108109
1.9835119
2.008492
1.9672184
2.2816741
2.2909122
2.0303648
2.07478
2.1060977
1.9678643
2.0259173
2.15813
2.1008635
2.050659
2.1539803
2.2059402
2.1183925
2.1265256
1.9458119
2.1399221
2.0491562
1.9042552
2.0296488
2.0975325
2.0409303
1.963905
2.1526268
2.2183886
2.0964363
2.000152
2.1752963
2.170789
2.0131211
2.040972
2.0872893
2.078665
2.0103421
2.0508118
2.1040516
2.110861
2.0835807
2.0753179
2.028648
2.0432687
2.2589536
2.023119
2.2057126
2.0584807
2.003656
1.9810101
1.9532831
2.1620572
2.0593865
2.1764019
2.007775
1.9845775
2.0089803
1.9416857
2.0291266
2.1270423
2.0871453
1.9107277
2.0294309
2.0965698
2.1288152
2.1013458
2.2107072
1.9109961
2.1469417
2.1162822
2.0719311
2.0713532
1.9798291
2.097462
2.0527866
1.9323145
2.1773605
2.0133843
2.0678203
2.072313
2.0782275
2.129033
2.1767025
1.8920562
2.1309009
2.016071
2.082372
1.9552361
1.8277696
2.131184
1.931303
1.9101349
2.2026258
2.0321212
2.03693
2.188811
2.1591363
2.0267155
2.5560563
1.9966285
1.8921583
2.0961318
1.9824682
1.8742831
2.1593015
1.9733169
1.8966872
2.0934927
2.0080857
1.9630649
1.9198351
2.1241612
2.1300502
2.0858738
2.2607992
2.014621
2.2455478
2.1293807
2.1608815
2.1728091
1.9575996
2.2172112
2.1074474
1.9710519
2.101513
2.1627154
2.0711029
2.0633752
2.1834745
2.135859
2.201212
2.0719578
1.9548466
2.1402593
2.0660803
2.0105448
2.1593747
2.0085316
2.0031612
2.209507
2.2281516
2.213052
2.0743737
2.0283282
2.1100454
2.064945
2.1390765
2.070504
2.1711738
2.0744817
2.0581107
2.2240708
2.0137684
2.06321
2.1858642
1.9710516
2.0549712
2.1309862
2.090556
1.9711891
1.9181798
2.1444025
1.9801372
1.9637501
2.1655483
2.204165
1.9918951
1.987516
2.1680293
2.0704525
1.9009205
1.9614041
1.9782537
1.9224793
2.0700648
2.0853686
2.177274
1.9458873
2.1441245
2.0582414
1.9392097
2.077848
1.9559867
2.0743904
2.1056998
1.9972725
1.9243748
2.0750725
2.1198802
1.9761394
2.1128254
2.178143
1.9992899
2.2277167
2.0399368
2.0714142
1.9716297
2.2293458
2.023958
1.9962873
2.257686
2.1096835
2.0042741
2.1235223
2.1685946
2.0292215
2.0027032
2.0414004
2.0888016
2.1280148
2.2034953
2.1412077
2.1609008
1.9860847
2.203747
2.076027
2.0810301
1.9746796
1.8934233
2.0771337
1.9520342
2.1521518
2.0761936
2.0167146
1.9686835
2.0677671
1.9169848
2.1799703
2.0439734
2.070185
1.9252479
2.135097
2.3415637
2.0209355
2.004121
2.0391448
2.086922
2.037157
1.9881254
2.012382
2.021696
2.0704033
2.218936
2.228461
2.0829034
2.0586655
2.1408658
2.1018472
1.9553503
2.0980878
2.1436477
2.0329468
1.9061501
2.175209
1.9132459
1.9928488
2.2067506
2.098137
2.0202472
2.1451373
1.997228
1.9956009
2.1236193
2.133968
1.9739453
2.080895
2.2871904
2.1318638
2.1393876
2.1560614
2.1397007
1.9477551
2.1279209
2.1601539
1.984629
2.1946182
2.2012594
2.1948051
2.0429406
2.06551
2.2052875
2.0882237
2.022636
2.2109244
2.1489244
2.0270762
2.0297287
2.0075996
1.8440872
2.1379998
2.0929484
1.9622276
1.9485168
2.0552075
2.024762
2.069348
2.0976202
2.0810509
2.0407183
1.9567804
2.0659196
2.0029168
1.9402511
2.1434898
1.9545654
2.0307465
2.0539637
1.9955301
2.0680895
2.203072
1.9284954
2.216804
2.0637681
2.0443854
2.030456
1.9591411
1.9897782
2.0880866
2.051519
2.2335193
2.069965
2.0459638
2.0728288
2.0508513
2.032135
2.01631
2.0489678
1.9447079
1.9484379
2.189923
2.0460005
2.0489285
2.1740723
2.0688195
2.1227696
2.0574136
2.145977
2.0703537
2.1320527
1.9281301
2.1318727
2.045937
2.0307622
1.9547987
2.0479538
1.8700933
1.9792236
2.0964704
2.0252028
2.0383866
2.1204429
1.9487803
2.08848
2.0743978
2.0531623
1.85457
2.057279
2.0478768
2.0086071
2.0015874
1.926511
2.0494075
2.0648646
2.0597594
2.190333
2.186622
2.0459328
2.1122122
2.0097694
1.9496145
2.25347
2.1043267
1.9164302
2.0405526
1.9623318
2.2797577
2.0803795
2.1203785
1.9408344
1.9368016
2.0852962
2.0115705
2.0378175
2.0308137
2.1882534
1.9563694
1.8927597
2.0490353
2.170539
2.0907185
2.0761135
2.0949764
2.1698606
1.9818001
2.16767
1.9114002
2.106609
2.0541444
2.2241163
2.0991561
2.2071478
2.15796
2.1565375
2.1697533
2.112306
2.0668514
2.028462
2.0331948
1.9911633
2.0487218
2.1491327
2.019334
2.1444392
2.0595918
2.0928192
2.062756
2.3015938
2.0912995
1.9158409
2.072051
1.9911764
2.168995
1.9432695
2.1739774
2.0345223
2.1300557
2.167547
2.0316744
2.0318344
2.045607
2.2167184
2.2987137
2.0891612
2.0631282
2.1349547
1.9704813
2.20319
1.933438
2.0254676
2.0369728
1.99051
2.159625
1.9863265
2.2933536
2.0163653
2.1693819
2.1499858
2.0620143
2.3000703
1.953262
2.2219062
2.0418704
2.0466812
2.0805938
1.9742845
2.0957694
2.142905
1.9307613
2.1735232
2.0530884
2.0227878
1.991518
1.9966339
2.1866171
2.1366642
2.0830235
2.0628722
1.9498293
2.0170245
2.1242485
1.9488722
1.9822843
2.0141835
1.9346853
2.0402596
2.1101425
2.1742537
1.9077215
1.8697319
2.1427925
2.1503537
1.9280983
2.1122978
1.9769732
2.037929
1.9804662
1.9941858
1.968475
2.1548681
2.0978298
2.0489109
2.031977
2.107219
2.0308044
2.0363872
2.0843282
2.1207428
2.099405
2.116485
2.1631522
2.0829072
2.1625893
2.0149426
2.0836368
2.066667
1.9954574
2.135259
2.048034
2.0930617
1.9822628
1.9664295
1.9120424
2.089086
2.2436724
2.0723457
1.9755815
1.9333973
1.9956516
2.0465128
1.9606543
2.097307
2.0135205
2.2241902
2.0211883
1.9720249
1.9871219
2.0665889
1.9301296
2.1601448
2.086833
2.079373
2.0347793
2.0125854
2.1197183
2.1663756
2.223949
2.022823
2.116183
2.2222555
2.0278823
2.5243077
2.0873446
1.9990327
2.0628955
2.0286798
1.9832344
1.8947502
1.9044529
2.0413573
2.0464919
1.9742825
1.9643409
2.1119924
2.1467197
1.9324707
2.0463307
2.024673
2.032035
2.1740618
2.0599484
2.0427372
2.1881878
2.0678053
2.1552134
2.1326675
1.9273384
2.121612
2.0264654
2.0444303
2.1498024
2.1509986
1.9245377
2.0547585
2.098665
2.1418972
2.033176
1.9476373
2.0854995
2.1557047
2.198431
2.0724888
2.0892556
2.0042467
2.1332173
2.102525
2.091625
2.0763197
2.1761749
1.8817718
2.2324212
1.990999
1.9608532
2.0717473
2.017887
2.0723767
2.1332355
2.272216
2.2263541
1.9312109
2.2532315
2.0756948
2.1517115
2.0009172
1.9854839
2.061318
2.1453147
2.020019
2.048196
1.9958531
2.1455774
2.0154254
1.9719112
2.0951476
1.9700482
2.1194682
1.9915769
2.1162372
1.964385
2.1560178
2.0939112
1.945199
1.9660612
2.22161
2.0679545
2.1115158
1.9637308
2.151659
2.0341575
2.1150389
2.166823
2.0930734
2.0040393
2.0730495
2.048594
2.0434937
2.0097096
1.9634825
2.1220253
1.963912
1.9487759
2.1609468
2.1242661
1.9230556
1.9859135
2.0185606
2.0819669
2.0476263
1.9430468
2.0701733
2.0699782
1.9565881
2.1648338
2.2051513
1.9793291
2.0793114
2.1073713
2.247944
2.2382636
2.0712984
1.9860598
2.0898132
2.072494
2.075646
2.141622
1.9416578
1.9090904
1.9413643
2.0721056
2.1422544
2.1233792
2.0999155
1.928766
2.116926
2.034856
2.1426704
2.142218
2.064322
2.0681055
2.071388
2.0119011
2.154632
1.920112
2.273215
1.914614
2.164837
2.051923
2.017929
2.143738
2.0004697
2.0545342
1.9680923
2.1975477
2.0427551
2.0333016
2.0708027
2.0016599
2.0023618
2.1928825
2.0925026
2.0262368
2.2336688
2.1463013
1.9302517
2.2129145
2.213236
2.0305512
1.9984185
1.9616894
2.1068947
2.0816913
1.949145
2.1840847
2.1227221
1.7444767
2.2033567
2.0755439
1.9947714
2.0578175
1.9527271
1.8637022
2.1005604
1.9488169
2.098026
2.1917605
2.099936
2.044098
2.1825404
2.0616865
2.1670113
2.0294893
2.031877
2.008959
2.0877857
2.0853238
1.9248695
1.9545532
2.068629
2.0556543
2.0346558
2.172772
2.1605487
2.1293454
1.960776
2.076724
2.1184528
2.112658
2.1364007
2.0176098
2.0966926
2.083567
2.1665845
2.022683
2.0047076
2.1072469
2.0606065
1.9647341
2.05205
1.9932196
1.9947312
2.1074376
2.155307
2.0536103
2.1220617
1.9693111
2.2045858
2.0230002
2.036012
2.1975567
2.0782862
2.0207713
1.9507484
2.150854
2.111159
2.0797157
2.0640855
2.1722746
2.024295
2.1540382
2.1164014
1.8550389
2.138553
2.085022
1.9002368
2.080186
2.050949
1.987595
2.0442054
2.0477421
2.1406384
2.032065
1.979003
2.0182524
2.1468868
2.0021634
2.049714
2.0376666
2.3208187
2.097514
1.9412756
2.2079835
2.1599739
2.0691457
2.133896
2.098232
1.9953533
2.0853946
2.0800793
2.040605
2.0483236
2.1165214
2.158856
2.2246056
2.0382228
2.1093948
2.1530871
2.026938
2.0751224
2.128552
2.0656297
2.0968378
1.8748636
2.083894
2.109864
2.1109366
2.378307
1.995546
2.0265622
1.975558
2.0321858
2.0647638
2.056366
2.097667
2.1807544
2.0603778
2.1454368
2.0584939
1.9385687
2.1963778
2.1601825
1.9491665
2.0195618
2.1663744
2.1234126
1.9708226
1.9876868
2.1980615
1.9791691
2.0068662
2.0582643
2.0694005
2.0954952
2.0714555
1.8578278
1.8649378
1.8942082
2.0977268
1.9130814
2.175076
2.0526993
2.0652857
2.0042481
2.0802944
2.0616314
2.0292583
2.0226123
1.968409
2.1237967
2.1071756
2.0651484
2.0044339
2.035937
1.9973167
2.0628211
2.018643
1.9719
2.0459397
1.9651845
2.0529149
1.9330311
1.9379005
2.0657218
2.114968
2.1357636
2.0106864
1.8644955
2.027187
1.9541919
2.163653
2.1199315
2.0483246
2.110273
2.2084923
2.208505
1.9704281
2.11834
2.0635448
1.9666176
2.0071416
2.140903
1.9968029
2.0840957
2.0289114
2.0591502
2.021618
2.0523932
1.9704192
2.0640595
2.0390518
2.2037861
2.2990925
2.1634853
1.8227373
2.1051002
2.0063899
1.9824412
2.1065052
2.0452378
2.1156375
1.9124031
1.9633732
2.0275419
2.068561
1.938051
2.0509286
1.9454317
1.8911011
2.2262251
1.9498402
2.148433
2.1737394
1.9827251
1.9435422
2.0596585
1.97633
2.2024333
2.0555046
2.1520004
2.2710562
2.1248841
2.095406
2.0358052
2.1097
1.9830315
1.9153382
2.0752096
2.1878333
2.127322
1.8053068
2.1659913
2.0549457
2.0253766
2.0527864
2.0009604
2.1207738
2.1385732
2.1674023
2.1107724
2.072599
2.1571567
1.8562143
1.9457073
2.1018157
2.0787947
2.1177335
2.0825202
2.071237
2.2529721
1.9166197
2.078485
1.9623501
2.0868802
2.277595
2.0588908
2.0588303
1.9944255
2.1996741
2.1716201
2.0651202
2.1018772
2.0808856
1.9697449
1.960668
1.8290002
2.2168126
2.0403535
2.175319
2.095664
2.19997
2.2067628
1.9872742
1.9876388
2.0425854
2.0565414
2.0592496
2.1739767
2.1076057
2.2038517
2.0111098
2.1841059
2.307905
1.9835497
2.0797694
2.0720851
1.9413776
2.0284085
1.9686041
2.1480632
2.1234126
2.0076401
1.9714701
2.1037788
2.0014899
2.2232697
2.257645
2.2286153
2.0685248
2.0838447
2.0045671
2.1045814
2.0937762
2.1226044
2.230848
2.07725
2.0635839
2.1014247
2.129436
2.0172253
1.9989306
2.0503476
1.9880102
1.9670757
2.1025887
2.0204396
1.9292831
2.0761898
1.9277195
2.0633745
2.1208363
2.1492372
1.9892418
2.007353
1.9138367
2.155234
1.9561411
2.0583434
2.089105
1.9887693
2.0751116
2.0644822
2.0079656
2.0456173
2.075109
2.0206037
2.177487
2.0858092
1.9781437
2.191987
2.0400698
2.0800555
2.2255127
2.1370437
1.9960293
2.014171
2.1897426
2.0191271
2.064205
2.0896177
2.192948
2.240399
2.0938072
2.0793061
2.2228963
2.0184734
2.125804
2.039209
2.12434
2.1245246
2.1264005
2.2547228
2.1110435
2.129622
2.0507476
2.0764885
2.0037174
1.9355545
2.0249722
2.1310687
2.133964
2.0731196
1.8553848
2.2151785
2.258803
2.1052556
2.087722
2.160903
1.9638355
1.9941305
2.03384
2.0990174
2.3503458
2.0939872
2.0191474
2.0309846
1.9454556
2.1350937
2.2249126
2.0545926
2.1245725
2.2934725
2.170514
2.0542696
2.010909
2.0320888
2.0535405
2.0611663
2.1008801
2.072967
1.9547596
2.1303365
2.0749803
2.0891535
2.0336633
2.04339
2.2339287
2.1610148
2.3347704
2.0436997
1.9873234
2.1207614
2.0263743
1.9396986
2.1567056
1.9612405
2.076796
2.1128244
2.1121435
1.9187222
1.9912573
2.001497
1.9473339
2.0571487
2.1368566
2.2026784
2.1118045
2.1564145
2.0859466
2.1915154
2.1240494
2.0000627
2.2377756
2.1651664
2.136904
2.0704286
2.0054379
2.2752953
1.8660969
2.0248332
2.222166
2.0530248
2.0709162
2.1324515
2.0842893
1.8590361
2.0528305
1.965514
2.0565205
1.9962469
2.1542802
1.9013786
2.0983894
1.9645399
2.0113158
2.261462
2.0154746
2.0832086
2.1886356
2.0305195
2.217976
2.0475965
2.156013
1.9352839
2.093174
2.1455753
2.274236
2.0038302
1.998348
2.1117494
2.0918622
2.2560377
1.9389622
2.076467
1.9618752
2.0863426
2.0266726
2.0591068
2.018296
2.0080981
2.22218
2.1341646
1.9494728
2.0732143
2.0236888
1.9438999
2.008781
2.0812707
2.0563235
2.0536346
2.049574
2.0834699
2.0680995
2.1774788
2.1626961
1.993583
1.9640362
2.0377374
2.1355546
2.1999483
2.2341588
2.1354916
1.9963967
2.027761
1.9754591
2.0702746
1.9763151
2.0311532
2.0410314
2.0017173
2.1093197
2.0328655
2.1096854
2.13853
2.1362107
2.101215
2.02101
2.086752
2.1739743
2.1656728
2.006842
2.004507
2.047613
2.075171
2.1279097
2.0767803
1.9838321
2.104615
2.0655277
2.1028392
1.9538059
2.0084739
1.9967873
2.3760257
2.055168
2.131866
2.0982156
2.1847868
1.9975687
1.9983454
2.075623
1.9679782
2.1569285
2.0143943
1.9078734
2.1336823
2.1575017
1.9044574
2.1198564
2.0106833
2.0218055
2.0233474
2.038995
1.9721029
1.81655
2.0537212
1.8459934
2.170653
2.0310483
2.2608864
1.9954312
1.9903578
2.0756636
2.283401
2.0995598
1.9440582
2.009203
2.0782094
2.1235232
1.9833968
2.113088
2.0002687
1.9673789
1.994284
1.9472107
1.9504573
2.070589
2.0116224
2.174244
2.1546073
2.0919013
2.1553054
2.096443
1.8194313
1.929857
2.0396733
1.9206171
2.0363746
2.0713158
2.0856433
2.022791
2.098537
2.2161992
2.3470383
2.0009077
2.1009114
2.1224113
1.9506918
2.0284626
2.1201632
2.1235905
1.9665009
1.9902292
2.1044524
1.9649216
2.0204098
2.116932
2.2081268
2.0113654
2.108375
2.1214223
2.1517904
2.1034646
2.1307216
1.9575522
1.8603922
2.0848682
1.9687586
2.0863988
2.1579964
2.1583352
2.108863
1.9623945
2.367654
1.9894689
2.0295007
2.0799212
2.0437875
2.0856514
2.1941357
2.03671
2.1609845
2.0345058
2.1547766
2.2257626
2.195764
1.951778
1.9935591
2.113749
2.0442886
2.1034513
2.1074154
2.0071244
2.2541955
2.0698612
1.959335
2.040244
2.021705
2.0167155
1.9446545
1.9571943
2.2151597
1.993645
2.0466583
2.164517
1.9705439
2.2571197
2.0616415
2.0546577
2.0171256
2.1801858
1.9359195
2.1280694
2.1278024
2.043232
2.0686235
2.2387402
2.1323733
2.1078215
1.9667877
1.9479612
2.004815
1.853482
2.1336246
1.962291
2.4843488
2.0888183
2.1228578
2.1945434
2.0789714
2.0399375
1.9459121
2.080832
2.2806084
2.0031574
2.247932
2.0431447
2.287683
2.0542507
1.9210627
2.1350503
2.0441442
2.0817728
2.0696483
2.0185485
1.9579872
2.111339
2.2525604
2.2154307
1.9869038
1.9997171
2.0588255
2.0791276
2.3154173
1.9591801
2.082455
2.1796753
2.033349
1.9469507
2.094415
2.1872413
1.972962
2.1155012
2.1083581
2.197614
2.032783
2.0403476
2.1770122
2.0525355
1.9744194
2.1351628
2.0649002
1.9856308
2.1245599
2.0885522
2.1747258
1.9282405
2.0623791
2.1701872
2.268443
2.1112847
2.1281505
2.003229
1.9287736
2.1761134
2.060643
2.1624408
1.9447912
2.0650074
2.1160715
1.8962259
2.075729
2.0110395
2.0316107
2.2258565
1.9189281
2.1561944
2.2355082
2.1291497
2.051992
2.1355312
2.0359669
1.8078715
2.066568
2.1344895
2.0514104
2.1216302
2.2574096
1.9804112
1.9812682
2.0755963
2.0882027
2.0171275
2.0917797
2.2387729
1.9943241
2.1380122
1.9672312
1.996982
2.0976424
1.9232842
1.9622183
2.1355176
2.1435168
2.1695359
2.102099
1.973114
2.0666385
2.0777726
1.9329268
2.108045
2.1473973
2.0457385
2.04581
2.0388846
2.0041785
2.0502632
2.1022835
2.1051192
2.0585644
2.0992975
2.0530043
2.2054935
2.1683908
1.8935801
1.965017
2.0137286
2.1994305
2.0957375
2.1648555
2.128033
2.0071244
1.9384524
2.040713
2.0076833
2.188087
1.955039
2.255402
1.8454958
2.0880976
2.025583
2.0163786
2.1042607
2.0612147
2.083667
2.0477881
1.9598058
2.4175909
1.9483503
1.9220823
2.0918982
1.9307724
2.2125747
2.1564698
2.2106407
1.8751281
1.9814999
2.1231024
2.09452
2.1106484
2.213595
2.1893926
1.9566486
1.9953398
2.0995111
1.900038
2.1993427
2.1289494
2.074274
2.1880558
1.9521477
2.0643394
2.0311377
2.0895584
2.2314892
1.9561132
2.1873455
2.104933
2.0527148
2.0199103
2.245477
2.0762026
2.1151855
2.0203247
2.1660545
2.007839
2.0805495
2.0036807
2.0557084
2.122932
2.0334592
2.1180341
2.0421062
2.001753
2.02957
2.0324183
1.9149326
1.975827
2.0942438
2.0966694
2.0939002
2.0161526
1.8586175
1.9508247
2.0162492
2.040389
2.11109
2.0919127
2.0701375
2.1286573
2.1229796
2.004788
2.0042899
2.1541748
2.1550877
2.114242
2.110743
1.9055678
2.1008463
1.97885
2.1859858
2.0474036
1.989245
2.1563525
2.102592
2.1817112
1.9700003
2.1844165
2.282763
2.0614953
1.9873083
1.915316
2.2030811
1.95466
1.9986007
2.099438
2.0731063
2.0991852
1.9234145
2.176012
2.1316917
2.0825467
2.1506407
2.116181
2.0394092
1.9826225
2.1236854
1.9808655
2.1231863
1.8784679
1.951515
2.0681224
2.1543722
2.1233673
2.0922446
1.982008
2.1655965
2.1995883
2.1535501
2.183855
2.2469056
1.99543
2.0581222
2.137781
2.1979957
2.1195786
2.1078124
2.110474
2.0011744
2.026493
2.0915627
2.092935
2.063192
1.9344244
2.1043832
1.9778197
2.000173
1.974358
2.1066813
2.007882
2.0760548
2.061642
2.0836456
2.0932293
1.9488274
2.0959103
2.1396601
2.110971
2.0076642
2.257108
2.036732
2.068563
2.0425386
2.1868234
2.1885488
2.0755773
1.9976085
2.0760984
2.139038
2.1260629
2.027377
2.1255105
1.9881614
2.0090375
2.2183046
2.0171778
2.03485
2.1109977
2.0403664
2.1142478
2.1421084
2.0046508
1.9741132
2.079157
2.1600692
1.9522152
2.00099
2.0533986
2.1658416
1.9982684
2.0507708
1.9727383
2.1546905
2.0779538
2.0797997
2.1068943
2.1660886
2.0432887
2.105351
1.9998413
1.9304949
2.1217158
1.998702
1.930795
2.1031632
2.0683074
2.1056838
2.154862
2.0559585
2.1117394
2.0693347
2.1976924
2.1055005
1.9246868
2.070513
1.986165
2.0018425
2.1564727
2.078858
1.8411434
1.9969524
2.0323203
2.0452871
1.9146521
2.0479586
1.964398
2.0626194
2.1275477
2.0161834
2.1689093
1.9867426
2.0186777
1.9865032
2.060781
1.9089689
2.0346155
2.005075
2.068191
2.1573024
2.2352362
2.2155027
2.0439782
2.0662372
2.0807033
2.0296943
2.1692889
2.1113057
2.120993
2.0790598
1.956184
2.1116855
2.144988
2.2352042
2.0659509
2.2641206
1.9945889
2.0704784
2.0063367
1.9004343
2.1426888
2.0772552
2.1047444
1.9846214
2.0341198
2.0434873
1.8649395
2.03342
2.1733406
2.1828089
2.0469651
2.073691
2.0185862
2.182321
2.1435668
1.92217
2.1397185
2.069837
2.135107
2.079099
2.0051353
2.1742418
2.0107446
2.0386968
2.1809897
2.1160407
2.0591466
2.0917811
2.1716275
2.0931993
2.1893842
2.2366378
1.9962816
2.1303005
1.9906794
2.0774002
1.9447571
1.9108374
1.9664013
1.9786618
2.0052965
2.1196594
2.2835436
2.014892
2.0214024
2.049847
2.0995507
1.95543
1.9976938
1.9832369
2.2030823
2.1322925
2.036494
2.0985057
1.9482985
2.1006265
2.0659125
1.9033947
2.0627918
2.0746763
2.0170932
2.0906425
2.2175593
2.1300702
1.9100902
2.0813653
2.099939
1.9315882
1.9482143
1.9963205
1.8827264
2.0470932
1.9374489
2.05456
2.0346456
2.0724845
2.078814
2.0343943
2.0783074
2.0988338
2.0105197
2.1180108
2.122321
2.174261
1.9838486
2.0776296
1.9971077
2.314752
1.947994
2.152121
2.1272304
2.0495222
2.0133286
2.0962625
2.064738
1.9598774
2.140858
2.0893936
2.0974803
2.1323142
2.1164825
2.0459898
2.1780238
2.1611645
2.0462484
2.02515
1.948103
1.9479129
2.0898118
2.1254354
2.088492
2.083909
2.157863
2.139917
2.1458926
2.1194174
2.2276464
1.909559
2.110783
2.0323908
2.1197178
1.938513
2.080198
2.1301465
1.9628904
2.020356
2.1290746
2.2231708
2.155805
2.2846274
2.157886
2.0905168
2.1020865
2.169045
2.0900123
2.0331433
2.0120747
2.0344672
2.0700476
1.9612217
2.0116317
2.1909642
2.2069812
2.007215
2.1052692
2.0735974
1.985843
2.108201
2.1368375
2.1531613
2.066278
2.055245
2.0346968
2.1961398
2.256928
2.0503058
2.0808983
2.0503097
2.2593865
2.0551212
2.317575
2.029491
2.0485556
2.2083318
2.06475
1.8707607
1.8710101
2.1118054
2.0134618
2.247504
2.0864947
1.9783247
2.0917366
2.1997695
2.0433583
2.0055912
2.1477292
2.057091
2.116445
2.1886506
2.217198
2.133211
2.075306
2.1148152
2.3431287
1.9078163
2.0580935
2.2348921
2.0368712
1.9530678
2.0500152
1.9852203
2.162388
2.0836394
2.0300095
2.0710669
2.0459013
2.0127747
1.9834783
2.1308131
2.2620847
2.0145655
1.9252474
2.0226007
2.0253909
2.2915034
2.1549175
1.9984396
1.9793679
2.144067
1.8878481
2.108048
2.0093832
2.2112398
2.2357302
2.0837107
1.9982895
2.083824
1.9531256
2.0414433
2.0692067
1.9801676
2.0813072
2.0871994
2.0277333
2.046667
2.078134
2.0534265
1.9069945
2.1428027
2.0406368
1.9738929
2.0394683
2.002531
2.019991
1.9847345
2.1175652
1.9578699
2.029077
2.2167282
1.9972528
2.0871625
2.0753934
2.0477834
2.0586934
2.0376296
2.110887
2.1086504
2.056374
2.1512523
1.9932005
2.0758784
2.0600343
1.9934227
1.9811299
2.1726573
2.0797226
1.9772243
1.9742371
2.100533
2.1958303
1.8547108
2.2726655
2.1185946
2.3529062
2.0733125
2.128376
2.0585296
2.2280416
1.9579055
1.9557171
2.1351285
2.0337768
2.1992168
2.114119
2.262924
2.1320596
1.8732519
1.891977
2.114821
2.0650172
1.9698589
2.1619167
2.1839204
2.1208787
2.0607204
2.0639224
2.1307082
1.9910618
2.0510361
2.110278
2.0049455
2.0629947
2.0645082
1.9733118
2.1319897
1.93833
2.0834749
2.1768389
2.1918633
2.0459514
2.1180131
1.9172256
1.8886706
2.048245
2.1063225
2.1875565
2.0907779
2.0161843
1.9595827
2.1031578
2.057631
2.1286106
2.0942929
2.019867
2.237157
1.9922721
1.9810941
1.984999
2.1161623
2.013912
2.1020656
2.1536846
2.0647955
2.02555
2.236578
2.3869998
2.0073295
2.0972552
2.0524933
2.0170565
2.0858521
2.0145388
2.0152867
2.0914562
2.1654243
2.002515
2.0057437
2.2121263
2.026444
2.1242118
1.9667085
2.1019561
2.0180576
2.0142796
2.0258358
2.0447457
2.209588
2.0702233
2.0355022
2.0786
2.1102598
2.0730233
2.1568847
2.0835748
1.9939991
2.1028526
1.9984547
2.0916896
2.1087008
1.9799843
2.2138076
1.9843508
2.0988345
2.003046
2.10671
2.0336673
2.2043002
2.0240471
2.1809552
1.9711574
1.9671837
2.09785
2.1267765
1.9721515
1.9745957
2.0040264
2.1115828
2.0258355
2.004827
2.2117884
2.159125
2.028497
2.136165
2.1863222
2.1147025
2.0564966
2.0116327
2.050819
2.0301166
2.103714
1.9570156
2.0985994
2.0085082
1.987746
2.2011745
2.172607
2.0774128
1.9944576
2.2848322
1.9482228
2.019383
2.0644624
2.0867078
1.9716597
1.9995611
2.0085757
1.9357249
2.0754693
2.0586364
2.0798864
2.2796135
2.1571765
2.2103944
2.0884686
2.0623908
2.201999
2.1097138
2.050061
2.121655
2.2408893
1.9873371
2.0899389
2.1488314
2.0650058
2.1315353
2.1176505
2.0130105
2.0156748
2.0275545
2.0629401
2.121231
1.9689028
2.0011199
2.1988425
1.9628689
1.9970677
1.9542644
2.0268445
2.1789017
2.1362634
1.9339663
2.0713906
2.075552
2.0884895
1.9885623
2.0462697
2.181552
2.167073
1.9174271
2.0084713
2.0275774
2.0010743
2.069838
2.0733542
2.126835
1.9405597
2.1722875
2.1513104
2.0905972
2.0941467
2.0162563
2.0274506
1.9696293
2.103772
1.918671
2.1171668
2.062772
