9.90354
9.903514
4.1839767
3.5329182
3.3470554
3.1382742
3.0863528
2.8736243
3.143221
3.1559536
2.6429985
2.7916913
2.8325047
2.6320484
2.7735515
2.623296
2.9814618
2.9974396
2.764468
2.6097848
2.7787268
2.820622
2.5504975
2.4802175
2.7398047
2.5093026
2.7366676
2.6623168
2.6708312
2.8181098
2.5385044
2.4408426
2.5751364
2.6784987
2.5778813
2.410074
2.439814
2.719757
2.5306764
2.5162826
2.4570193
2.5032544
2.704419
2.5448077
2.5186644
2.5566275
2.5659707
2.4651184
2.541739
2.6176255
2.4018254
2.5760665
2.6059656
2.3281076
2.5556018
2.4061885
2.5788457
2.5254445
2.527083
2.4584122
2.4277961
2.520253
2.761229
2.4683673
2.4227197
2.4523873
2.4819787
2.5042713
2.3912227
2.432284
2.563252
2.4771273
2.2651
2.4375067
2.5420032
2.5818384
2.2413707
2.5568175
2.5300925
2.4348235
2.349399
2.5632799
2.5185523
2.3243852
2.2802017
2.3696935
2.404066
2.2951698
2.3847973
2.5029635
2.4464278
2.3190768
2.4133186
2.454185
2.3459985
2.4509025
2.315106
2.6579902
2.4818532
2.472528
2.4885325
2.3430438
2.4957867
2.5060658
2.344287
2.2407687
2.5417213
2.5239973
2.410095
2.4644551
2.231659
2.416965
2.3373044
2.5086205
2.3287606
2.1333947
2.4659963
2.4169285
2.5440528
2.6221585
2.4383833
2.1971383
2.3693395
2.6265671
2.343425
2.272553
2.3523765
2.1855812
2.376652
2.4097934
2.5165222
2.3749013
2.352978
2.3200002
2.3077035
2.2272844
2.477015
2.5359387
2.5801628
2.399459
2.3606343
2.374807
2.3447292
5.47239
2.4518046
2.2854218
2.2643228
2.2835193
2.3983696
2.3199892
2.382451
2.3425431
2.4350667
2.6137862
2.2714515
2.495737
2.390606
2.4546914
2.345922
2.3437285
2.2924292
2.3293653
2.2696788
2.3499265
2.3919406
2.4141307
2.4423401
2.3102512
2.4124117
2.5554736
2.3175998
2.4066477
2.2427893
2.2914066
2.4413552
2.4160018
2.29168
2.2949438
2.467989
2.5684052
2.483611
2.5900836
2.3018494
2.344151
2.3529437
2.3830194
2.4507477
2.3524263
2.3170347
2.3084025
2.5649233
2.1908593
2.4637675
2.2858858
2.2109592
2.2436173
2.36451
2.3279557
2.3639214
2.3238888
2.553733
2.2177625
2.3601508
2.3428767
2.4576554
2.2451472
2.2285917
2.4424393
2.465383
2.2398303
2.3075194
2.5803773
2.3262038
2.2669559
2.1637795
2.5244482
2.317628
2.2459898
2.2999687
2.261152
2.3792167
2.583204
2.4516156
2.2838593
2.3239455
2.29404
2.08921
2.292559
2.3498924
2.4468894
2.3458683
2.2850797
2.2807105
2.2464337
2.5382283
2.520492
2.5210216
2.4083896
2.3177562
2.4390898
2.3463836
2.2530067
2.3308008
2.4272184
2.2345948
2.5394254
2.3867085
2.2464187
2.2411897
2.2846706
2.478972
2.5012221
2.4273252
2.359466
2.427482
2.318646
2.323972
2.3215814
2.3302436
2.062454
2.1975653
2.3318229
2.1670887
2.1817267
2.3665488
2.367764
2.4905255
2.4654584
2.2807114
2.253757
2.2237978
2.4108818
2.3771462
2.3278651
2.5003057
2.2965887
2.2723365
2.1969428
2.2065434
2.2748983
2.2320836
2.5390759
2.2390895
2.2233634
2.5145068
4.011557
2.3907714
2.2996535
2.302971
2.3508172
2.4512265
2.3149319
2.3888125
2.3675358
2.6516762
2.4379013
2.3160505
2.3491795
2.377389
2.425658
2.6592171
2.3796406
2.4606717
2.2962234
2.3238096
2.2418091
2.2705731
2.1505272
2.2873943
2.2890773
2.3266914
2.3243299
2.3439972
2.4090056
2.2193651
2.2576432
2.3226109
2.4647865
2.3063133
2.3219283
2.237104
2.080363
2.3276343
2.4721103
2.326691
2.3459048
2.4763033
2.4735932
2.115759
2.4030197
2.327752
2.3406684
2.2750335
2.1821165
2.41518
2.4946084
2.4038985
2.377632
2.4700508
2.462069
2.3547473
2.403371
2.430941
2.5178642
2.36276
2.5173612
2.1436431
2.2983565
2.3791535
2.3569376
2.3996408
2.4060745
2.3526416
2.4525309
2.479885
2.537704
2.412995
2.0848212
2.4666584
2.1882863
2.1834216
2.3103852
2.1387775
2.2043798
2.4381526
2.2827926
2.3107195
2.3980994
2.3821368
2.6654954
2.3013399
2.5622735
2.0177522
2.1131847
2.3501086
2.2498837
2.3299282
2.3707347
2.4086716
2.1632066
2.3671086
2.3604553
2.2129645
2.2232091
2.2288024
2.2242713
2.3797321
2.372349
2.5226033
2.435145
2.30542
2.3931499
2.4153304
2.1331506
2.238706
2.341135
2.4227026
2.2668118
2.4024024
2.4940143
2.4363275
2.2842453
2.593695
2.3459086
2.5419166
2.360084
2.4773335
2.3789215
2.392505
2.3436933
2.3764231
2.4874208
2.4655547
2.2889256
2.310093
2.3622289
2.281549
2.2319274
2.4704757
2.3051257
2.1956282
2.252133
2.3681445
2.1984978
2.3262165
2.350545
2.3226562
3.6939175
2.163199
2.241457
2.3063695
2.1880498
2.472876
2.248912
2.4003704
2.430891
2.2741103
2.392643
2.2715666
2.2345614
2.2084482
2.1707554
2.5094256
2.372682
2.1916924
2.3217463
2.3110063
2.4998312
2.364709
2.4624343
2.3993936
2.1708388
2.2079444
2.2502153
2.1340287
2.2794585
2.2014673
2.6387525
2.2731357
2.3525145
2.3451395
2.2874553
2.2755418
2.455352
2.3514657
2.4311147
2.4256086
2.394834
2.566172
2.39491
2.3306677
2.4845567
2.2775457
2.2088907
2.354083
2.2517214
2.2990267
2.467074
2.2337708
2.4771721
2.489287
2.3172643
2.622485
2.4332976
2.4010487
2.3763697
2.3428397
2.3102388
2.480188
2.3308372
2.5081878
2.2355134
2.1742504
2.323219
2.3885715
2.2633052
2.273627
2.5423322
2.2358203
2.4627516
2.3194084
2.1810553
2.5466352
2.4233556
2.337953
2.1713586
2.1908016
2.3002563
2.3980527
2.3332293
2.3972533
2.4623563
2.3631442
2.2831426
2.4122856
2.3251832
2.2280698
2.359502
2.366347
2.3071485
2.265137
2.2747827
2.252177
2.401067
2.3150346
2.2817378
2.4306607
2.1668782
2.370662
2.470527
2.1944401
2.4357715
2.4628024
2.2605293
2.5491886
2.4348001
2.310123
2.245239
2.336843
2.332192
2.2865157
2.2973652
2.5179431
2.4269762
2.5574858
2.0974724
2.458988
2.4618254
2.2838695
2.1329243
2.5021682
2.2355516
2.2545257
2.2841728
2.39183
2.2848728
2.4623427
2.4028673
2.3463035
2.26343
2.1808543
2.3141758
2.3819406
2.231645
2.468336
2.2257242
2.2528703
2.2115932
2.3326535
3.4565334
2.2762501
2.2930229
2.297545
2.3057969
2.257456
2.2760675
2.278958
2.3307545
2.3553555
2.2912917
2.3368168
2.3328102
2.3626606
2.5202098
2.258159
2.2779105
2.3300722
2.2313378
2.2871695
2.3325295
2.1498075
2.3415492
2.216027
2.3101768
2.191245
2.110755
2.2879462
2.2594473
2.0438828
2.1914499
2.1691327
2.3457608
2.3087957
2.3337483
2.5052083
2.2155385
2.10097
2.1236453
2.1576438
2.1910617
2.0773475
2.3953748
2.213755
2.2840912
2.330553
2.2645688
2.0500646
2.2770278
2.1444478
2.2623467
2.2929778
2.221179
2.2008045
2.5022054
2.304269
2.2288303
2.2153723
2.023351
2.3140244
2.1056128
2.332357
2.4760423
2.3277462
2.3249476
2.0918036
2.2832284
2.4107182
2.2154572
2.2731583
2.1524796
2.1978106
2.3975673
2.2847586
2.1358535
2.3065164
2.4145434
2.1837227
2.2048073
2.1881425
2.4774117
2.2515373
2.3856823
2.3141503
2.442953
2.2530956
2.2459743
2.2150738
2.1857924
2.250831
2.4012184
2.4221566
2.5504322
2.3777847
2.1868274
2.2246368
2.285748
2.5651627
2.3445644
2.235587
2.2070334
2.238583
2.2893047
2.317899
2.2967825
2.277979
2.320582
2.7377777
2.2304063
2.2186475
2.2236333
2.25893
2.2267709
2.4367573
2.3879924
2.3895245
2.4763637
2.216104
2.2520318
2.3256903
2.3046675
2.3196816
2.3321185
2.1710203
2.294777
2.4271114
2.2794602
2.1263437
2.265058
2.3289123
2.2236676
2.2216098
2.4379444
2.161222
2.5306985
2.386001
2.210149
2.1907806
2.149626
2.4188895
2.4509
2.285503
3.349474
2.294046
2.2987924
2.415628
2.2118046
2.3942218
2.3406448
2.2162251
2.4132423
2.3035083
2.372989
2.2847867
2.3529618
2.339408
2.3409035
2.2699308
2.4432902
2.2418435
2.069596
2.1968262
2.416125
2.3187904
2.2577648
2.290492
2.218004
2.2543175
2.272982
2.243558
2.4040878
2.3148346
2.3746793
2.4755888
2.4306614
2.2624757
2.134911
2.4431872
2.3669622
2.2119775
2.1539083
2.2808323
2.3907976
2.3809638
2.2685227
2.3140311
2.4037995
2.309382
2.1773288
2.1163285
2.4198203
2.1822617
2.3360465
2.2437427
2.3205738
2.3025365
2.1692128
2.4239712
2.451487
2.2439716
2.386501
2.2304714
2.33593
2.3133626
2.2897282
2.196774
2.2854323
2.3253462
2.1412044
2.227605
2.5164242
2.3215573
2.2648416
2.338822
2.2631662
2.3756626
2.3509152
2.19058
2.4339356
2.2822394
2.1484694
2.2972157
2.1709933
2.1959333
2.4356701
2.2011395
2.3571174
2.330975
2.2607265
2.285363
2.2706687
2.1815708
2.3297
2.3043122
2.2760723
2.1687303
2.3309026
2.3011847
2.5116827
2.4936366
2.1335852
2.4196506
2.2827744
2.3488865
2.2909434
2.4451299
2.3666182
2.2415152
2.1498342
2.2693076
2.389845
2.1883597
2.5037675
2.1318734
2.3908727
2.2958064
2.1322618
2.2427897
2.3474007
2.3474076
2.2311323
2.2059245
2.4114857
2.1600616
2.3566804
2.4382417
2.28963
2.3738904
2.2605739
2.258578
2.2276216
2.3511887
2.3672986
2.4445515
2.3747602
2.224425
2.1768074
2.379035
2.3638787
2.3614705
2.1735315
2.4122539
2.4907308
2.3312984
3.2645633
2.4229913
2.4104965
2.1309328
2.0971456
2.1264074
2.1212
2.1734123
2.2276704
2.4044292
2.46843
2.240334
2.2285442
2.2559934
2.1792998
2.3583937
2.2998757
2.3355222
2.2531142
2.1911185
2.3318584
2.3286402
2.2689028
2.2796524
2.3737693
2.3201287
2.3564103
2.2066543
2.355367
2.340657
2.5128949
2.146093
2.362398
2.310029
2.401186
2.4224296
2.3599997
2.269385
2.3259866
2.3982754
2.4260757
2.2881055
2.3998024
2.1864727
2.5337424
2.3815598
1.9511042
2.24529
2.4002137
2.239427
2.2642634
2.2169168
2.3129287
2.2480235
2.2827716
2.2737398
2.325135
2.3556268
2.347962
2.5142114
2.141253
2.347385
2.0959096
2.4835439
2.3670464
2.20633
2.3797145
2.2824478
2.2421546
2.2585545
2.230203
2.1470997
2.3765419
2.3072114
2.2979105
2.2798266
2.2031434
2.2243345
2.1530986
2.3854964
2.372189
2.2632325
2.3617332
2.5678403
2.4494617
2.3322952
2.3880851
2.7108757
2.4042687
2.4020166
2.2955334
2.3669558
2.4086652
2.4117103
2.2670002
2.2913432
2.2226844
2.3634691
2.361368
2.399564
2.4815812
2.326621
2.1458516
2.4174945
2.2309322
2.3676422
2.3982947
2.516186
2.3046386
2.415402
2.1898546
2.2346787
2.272995
2.366248
2.2076
2.196319
2.3588169
2.299945
2.0768304
2.1893334
2.2514524
2.3048568
2.3083475
2.4037442
2.0329375
2.3213573
2.4012904
2.3983626
2.3295422
2.2827206
2.1924748
2.2196631
2.1339545
2.2364242
2.3453915
2.2495384
2.2512386
2.3656998
2.2450528
2.2171454
2.159512
2.3682892
2.9201994
2.5427423
2.231244
2.3080468
2.3010354
2.4104664
2.1868424
2.22358
2.3488643
2.5216
2.2239738
2.2433276
2.2822595
2.550553
2.4302087
2.190511
2.3908753
2.3945322
2.493629
2.4133008
2.0295987
2.3511286
2.4508488
2.2615004
2.3099542
2.24506
2.405354
2.4287434
2.4146335
2.1909676
2.2957997
2.3971968
2.3433092
2.2300487
2.1593966
2.2537549
2.2336447
2.0920358
2.2040403
2.2694445
2.4240186
2.4484272
2.2024646
2.3120503
2.4463174
2.409494
2.1835327
2.3059316
2.2917702
2.3604465
2.3958733
2.2197633
2.3131225
2.2710242
2.261724
2.3322108
2.2239797
2.4219718
2.297616
2.3570886
2.2865615
2.4001522
2.2061782
2.1385422
2.3249667
2.2473629
2.3800466
2.1319337
2.185369
2.4058251
2.5103674
2.104342
2.2949004
2.4484773
2.411944
2.3605335
2.2952468
2.312637
2.2817464
2.429809
2.259302
2.2985697
2.58334
2.3314362
2.3367481
2.30386
2.1979318
2.314249
2.2463305
2.2018623
2.4128568
2.4382849
2.4218872
2.37935
2.3534598
2.3395934
2.229074
2.2407548
2.3167813
2.5620952
2.3420365
2.4096246
2.2065308
2.3892035
2.465677
2.2203128
2.0678568
2.255178
2.3073535
2.1802697
2.2070308
2.2551322
2.3762798
2.123341
2.405836
2.229178
2.4197583
2.320452
2.2507164
2.3591793
2.3354287
2.359257
2.4757347
2.3728995
2.2531114
2.2312076
2.2579484
2.362101
2.3337784
2.3770921
2.1526628
2.280288
2.361067
2.1999772
2.2128904
2.3322225
2.3112595
2.4929373
2.1527932
2.269601
2.2447991
2.2224116
3.2378902
2.4331846
2.3564754
2.2298632
2.3255002
2.410755
2.1930451
2.2679346
2.2683659
2.521346
2.3324287
2.248526
2.383462
2.2283769
2.32891
2.2558146
2.2204156
2.310635
2.2355804
2.2258897
2.2736502
2.1705813
2.1140962
2.4521918
2.137131
2.2120042
2.2165165
2.4277568
2.235969
2.2390025
2.3210206
2.3022933
2.2640157
2.3321629
2.0993817
2.2086403
2.3554327
2.2061193
2.6008596
2.0966887
2.284702
2.1450238
2.1222854
2.377437
2.1210666
2.2825146
2.3152168
2.11241
2.3559322
2.107139
2.3751516
2.2329803
2.281273
2.2150428
2.3932583
2.1518269
2.648312
2.2128184
2.3893554
2.5040379
2.235175
2.3317418
2.4831643
2.3827872
2.2816787
2.38378
2.561093
2.2139103
2.3307414
2.321414
2.4338105
2.4813924
2.2186131
2.1119893
2.2870495
2.0659373
2.0430775
2.2045703
2.391478
2.3328805
2.2178965
2.37707
2.312907
2.4038167
2.8123312
2.3587122
2.3853612
2.2472138
2.3872466
2.4155
2.1723983
2.368833
2.2730718
2.2862666
2.3965049
2.2891629
2.3894227
2.3867295
2.2349179
2.1942406
2.4813774
2.079131
2.4796884
2.2754474
2.3496249
2.3504994
2.4211342
2.323113
2.283238
2.2527976
2.2998025
2.1407425
2.3228166
2.3072305
2.1999302
2.1430125
2.2186966
2.331905
2.2413387
2.292502
2.5030646
2.415538
2.3517096
2.351667
2.3973901
2.2317784
2.379245
2.1957784
2.266149
2.224573
2.2837005
2.3673477
2.325798
2.374082
2.1032357
2.0991268
2.2307231
2.2758403
2.252734
2.4089777
2.2787862
2.2325954
3.3777466
2.315695
2.3080919
2.198485
2.2950127
2.4242654
2.14697
2.2497673
2.3287284
2.2522748
2.2440174
2.2088695
2.409306
2.1104114
2.3985007
2.3793333
2.4483552
2.300683
2.2996671
2.2808485
2.3927927
2.2297385
2.157423
2.2350864
2.3273666
2.2363172
2.318161
2.1964302
2.384643
2.4328084
2.327927
2.2660797
2.3684154
2.258153
2.3780227
2.5431123
2.3473046
2.3741002
2.1339674
2.3444924
2.2611651
2.5204015
2.254391
2.1731873
2.5732114
2.4113717
2.4016209
2.2916288
2.3540585
2.1611269
2.1871247
2.4956608
2.2531364
2.279839
2.3590221
2.335918
2.2341385
2.3633823
2.178514
2.1227646
2.267794
2.139029
2.1024907
2.2255003
2.389032
2.481803
2.2810829
2.2749498
2.3247051
2.1838067
2.3977492
2.4432938
2.3801818
2.3102984
2.2501295
2.2740424
2.2715428
2.173676
2.2199316
2.5140624
2.4524167
2.2354655
2.2366676
2.0680742
2.4134383
2.3410509
2.322571
2.2150521
2.4264674
2.3265862
2.2580361
2.1423829
2.2402167
2.4279065
2.311635
2.1843696
2.4147766
2.2394078
2.1994407
2.262738
2.3553002
2.4265401
2.226396
2.2997966
2.3477914
2.169602
2.246896
2.2944853
2.3086114
2.309171
2.1019535
2.2752738
2.1348565
2.2709064
2.405208
2.1634085
2.3324087
2.2379448
2.205373
2.3327034
2.2820592
2.2786665
2.4423141
2.2259
2.2705119
2.2345426
2.304667
2.2783637
2.1550236
2.3136868
2.2011406
2.4358335
2.469848
2.238741
2.3597379
2.2767417
2.209268
2.3468742
2.4198623
2.3544583
2.3874292
2.3795657
3.297068
2.3500113
2.2418387
2.24853
2.2402396
2.2700348
2.3866973
2.269487
2.3548112
2.0135312
2.234453
2.2134054
2.1852362
2.1841927
2.565426
2.3972776
2.0533686
2.157514
2.0139046
2.245495
2.244886
2.468706
2.2793856
2.2591515
2.3679512
2.4008677
2.1339092
2.3210406
2.2344027
2.0941677
2.2735493
2.2323503
2.418998
2.1628184
2.37875
2.3034558
2.4048767
2.3314898
2.170963
2.3664963
2.3303156
2.289098
2.479256
2.273204
2.2754467
2.1075587
2.3313136
2.1864133
2.2250881
2.3518538
2.267644
2.383043
2.304094
2.1712618
2.46207
2.4316387
2.3425543
2.2516043
2.2164283
2.190028
2.293962
2.3309562
2.217806
2.3439078
2.2186897
2.183333
2.2505984
2.318539
2.2009964
2.3228278
2.2322974
2.048044
2.190237
2.2032886
2.4440036
2.494017
2.187456
2.301864
2.2528522
2.078911
2.2863724
2.4105024
2.4026244
2.8957496
2.3318534
2.031011
2.2453065
2.133686
2.0532646
2.1868463
2.1802244
2.3326468
2.264503
2.338459
2.3605924
2.3877695
2.3987021
2.2330978
2.4152527
2.3887975
2.1421864
2.5754714
2.2621813
2.3364072
2.3976882
2.354679
2.3056903
2.1350937
2.267003
2.2611513
2.1899605
2.244657
2.2456365
2.334471
2.3380063
2.2025537
2.3263907
2.190675
2.349874
2.6117692
2.2696662
2.3988588
2.38285
2.410616
2.324225
2.2219856
2.2935233
2.2143114
2.3330495
2.2659109
2.1891618
2.4109385
2.404873
2.378353
2.282332
2.3156161
2.1847668
2.3737476
2.055123
2.111326
2.2916553
2.2087786
3.3921304
2.207332
2.1534376
2.40359
2.2223508
2.2424893
4.029969
2.2570298
2.155104
2.3570087
2.1462379
2.3312912
2.200269
2.1941464
2.4064844
2.306203
2.1179075
2.2070842
2.3481293
2.1932716
2.2722287
2.3694596
2.177981
2.3071995
2.2175674
2.3845344
2.4012914
2.3089669
2.351788
2.2823472
2.2538924
2.1985984
2.2509866
2.538857
2.1115403
2.467441
2.308014
2.246393
2.3597713
2.3256404
2.4351287
2.3070276
2.2334633
2.4076695
2.4923291
2.3443966
2.2582798
2.2175505
2.4716513
2.0936935
2.26333
2.5459008
2.5530782
2.3017745
2.1678205
2.3372414
2.4709313
2.4173346
3.0346177
2.3350897
2.4105544
2.4699378
2.2083268
2.3771415
2.202973
2.3968358
2.1656172
2.2188866
2.2900314
2.3776388
2.2715929
2.427147
2.4443645
2.1605222
2.2562375
2.1890776
2.3704965
2.2970755
2.176383
2.3076558
2.2446306
2.3465576
2.3214235
2.2771375
2.340647
2.263417
2.3076444
2.4104874
2.3431177
2.1967678
2.198181
2.362093
2.2197506
2.282391
2.0110288
2.4509494
2.1219401
2.3405368
2.1347728
2.1652668
2.4118867
2.147303
2.256394
2.1292095
2.2803683
2.2032075
2.2686698
2.3165894
2.2656353
2.244938
2.5266762
2.2781937
2.119864
2.53884
2.2057385
2.1921558
2.1934378
2.2118201
2.2675605
2.4879377
1.9792885
2.265964
2.295495
2.30002
2.2814026
2.2951257
2.012032
2.3800602
2.2616475
2.244658
2.3078303
2.4138396
2.5437799
2.2390752
2.31659
2.3287468
2.3455896
2.3845308
2.437519
2.3987546
2.2160664
2.1335893
3.7224488
2.2158363
2.3365774
2.5383964
2.3895516
2.3667712
2.3040302
2.2846982
2.1272092
2.3060384
2.1946335
2.2956727
2.2822287
2.18206
2.2933254
2.2039871
2.4991672
2.5281985
2.306909
2.1018696
2.3227367
2.3938107
2.1696634
2.1136768
2.2624702
2.3134637
2.3314214
2.4180653
2.2796812
2.3106544
2.3379378
2.2301428
2.3056114
2.2916083
2.285753
2.2369363
2.1727488
2.3085685
2.4327178
2.2013855
2.250429
2.4610507
2.312776
2.181702
2.318057
2.4503522
2.2349343
2.48358
2.0974846
2.325904
2.4062085
2.397155
2.1719372
2.3548253
2.309791
2.267623
2.1458025
2.3783023
2.3279936
2.272877
2.2568376
2.3057113
2.1791246
2.2369318
2.5215716
2.3922668
2.2902913
2.3459153
2.318563
2.3143904
2.336215
2.2764716
2.5612452
2.2565665
2.0979955
2.2692425
2.5068173
2.3417313
2.2084239
2.41519
2.2417464
2.1594756
2.3155808
2.3562865
2.08927
2.443285
2.1893353
2.3887496
2.2309601
2.1943867
2.2202249
2.4357524
2.2066226
2.299259
2.0954084
2.211718
2.353114
2.2049215
2.2908778
2.24789
2.2478197
2.3048253
2.0788338
2.311198
2.3845768
2.231706
2.203857
2.192169
2.2970884
2.5581336
1.9732155
2.512768
2.31253
2.4855647
2.2206903
2.4225261
2.3482356
2.1504436
2.322424
2.3390493
2.2288182
2.3433862
2.41497
2.0637481
2.4116652
2.1916618
2.480621
2.2179937
2.178829
2.1783903
2.5596454
2.251378
2.2916522
2.4706695
2.3693216
2.3346422
2.4676685
2.1465762
2.279223
2.3269322
2.4602578
2.248434
3.6225681
2.3012881
2.1923094
2.381002
2.1483598
2.6567602
2.3369942
2.3504822
2.318407
2.324123
2.2894864
2.5230017
2.307515
2.202805
2.3141274
2.4381785
2.2790852
2.5083356
2.3164537
2.187166
2.5138738
2.3047004
2.3387275
2.2745228
2.3810527
2.258801
2.2762125
2.2194037
2.161566
2.2926927
2.2829094
2.3234015
2.4436164
2.1068637
2.1024785
2.3384264
2.2436724
2.3286757
2.3791533
2.3409
2.3475137
2.312535
2.3246903
2.314336
2.190267
2.4340806
2.3898568
2.364066
2.0981994
2.0963209
2.3837485
2.3477643
2.1786683
2.2396297
2.195387
2.3669581
2.226362
2.3979487
2.2371254
2.2966127
2.5104587
2.250049
2.446889
2.2868874
2.3978035
2.5088897
2.436974
2.1420617
2.2784162
2.2911608
2.4795804
2.280044
2.2219558
2.4060571
2.1291175
2.4890013
2.2048573
2.4428694
2.1338534
2.3147225
2.1753814
2.3037832
2.3622575
2.1405873
2.2093146
2.394017
2.4560654
2.5854616
2.082296
2.3630295
2.312738
2.0571885
2.34604
2.254568
1.9570439
2.2563064
2.40359
2.32577
2.2944076
2.290649
2.1720386
2.3470008
2.1619308
2.0028937
2.2543862
2.5440392
2.1633747
2.3599956
2.4194338
2.3540246
2.2167282
2.5325506
2.3651874
2.1776025
2.3929791
2.2801251
2.2327154
2.1879103
2.2594357
2.5476027
2.304557
2.2242138
2.7014236
2.389461
2.4079268
2.211596
2.1582942
2.227466
2.3707829
2.4602528
2.2281916
2.3213956
2.6021934
2.342757
2.2330458
2.4135203
2.3112977
2.1838233
2.2262225
2.2749019
2.3226848
2.4325013
3.80693
2.4162009
2.3847308
2.4015124
2.2019973
2.1891265
2.1371555
2.2679203
2.3407917
2.2600136
2.545179
2.3196492
2.4668384
2.3457217
2.3824086
2.3662946
2.2510483
2.1001456
2.1759195
2.3535678
2.232832
2.3345351
2.5438194
2.3199306
2.3285294
2.2277055
2.3587825
2.1345649
2.3299716
2.24219
2.3032603
2.4907036
2.4335568
2.1677203
2.223156
2.1164756
2.239081
2.0545795
2.0934315
2.473178
2.499544
2.1797392
2.2620602
2.474372
2.228255
2.2526822
2.4477484
2.1620092
2.3570127
2.3884075
2.340049
2.3519714
2.241421
2.3459754
2.3037856
2.3856478
2.2353947
2.4058092
2.2680705
2.2723663
2.4549963
2.2701926
2.220044
2.1273282
2.3664799
2.4717758
2.290905
2.250027
2.2668061
2.0631702
2.3855987
2.3860807
2.2548747
2.3793933
2.478623
2.124269
2.2899277
2.2789178
2.2221346
2.3016553
2.454137
2.3778625
2.2099605
2.364707
2.3512645
2.2337768
2.238286
2.4928558
2.1684856
2.2685416
2.4124382
2.3881478
2.3013165
2.2872114
2.42607
2.2738128
1.9839742
2.4315057
2.633307
2.1933894
2.2043586
2.1350112
2.1145113
2.4472904
2.6432648
2.2479181
2.3108776
2.2148619
2.3175664
2.3247726
2.1476676
2.205009
2.3241327
2.3085492
2.3095627
2.3833985
2.113613
2.3205516
2.2240062
2.2218566
2.3157957
2.173757
2.4291527
2.3033185
2.2635055
2.1529045
2.3134246
2.3235214
2.327806
2.1821008
2.1373055
2.2464614
2.3696146
2.3766549
2.2188065
2.28487
2.2458951
2.3151689
2.388126
2.231366
2.212213
2.1367965
4.017515
2.4685524
2.522984
2.292122
2.2887037
2.3515995
2.3219545
2.194781
2.394751
2.3059304
2.2889087
2.060854
2.4307013
2.151651
2.1570132
2.3405988
2.2737458
2.2616746
2.396449
2.5040545
2.345936
2.4087238
2.456342
2.1461663
2.4209762
2.3489373
2.166736
2.4460785
2.2544725
2.298874
2.263576
2.19797
2.4334774
2.2021291
2.2918634
2.382684
2.2370517
2.2527986
2.359265
2.230621
2.4291673
2.4781208
2.393167
2.4740024
2.371481
2.5484824
2.2735407
2.3714194
2.2413
2.2485921
2.1880615
2.17035
2.2573476
2.2290587
2.3801472
2.4197817
2.2699115
2.259105
2.3864303
2.2598605
2.0884242
2.2934642
2.2862082
2.405436
2.1850255
2.066197
2.2794137
2.3225062
2.1166406
2.250854
2.3424017
2.3720076
2.465878
2.4852147
2.432265
2.1961942
2.151527
2.4569352
2.2752197
1.969662
2.2524896
2.222588
2.5358844
2.4453182
2.3199375
2.3529294
2.2705014
2.3596582
2.2520888
2.485571
2.2354684
2.4648368
2.2514675
2.2167058
2.4466004
2.2732818
2.4218698
2.1972997
2.3099656
2.4653459
2.3114147
2.3668702
2.3429062
2.4862747
2.2490077
2.2040248
2.4000952
2.2332263
2.278108
2.2328372
2.2284207
2.4277554
2.2932675
2.261017
2.313239
2.3423324
2.1797624
2.4408963
2.1737447
2.3318698
2.178246
2.3661368
2.2252378
2.1766236
2.2979326
2.1997294
2.275032
2.3766766
2.1986036
2.211147
2.1866827
2.1901717
2.4511468
2.1199327
2.181863
2.2034867
2.2543523
2.2740004
2.2241433
2.4241188
2.3668857
2.3065333
4.1907563
2.2832885
2.3355603
2.1425948
2.3135483
2.2771757
2.2657828
2.340016
2.3412771
2.2295997
2.4564953
2.343263
2.279096
2.2129853
2.638207
2.1670768
2.2254946
2.5050795
2.330698
2.3849113
2.15376
2.281308
2.3651335
2.5650172
2.247762
2.2527108
2.3038056
2.1796353
2.167399
2.2384782
2.5320137
2.2299175
2.3681252
2.3192253
2.4388907
2.1342049
2.201943
2.481377
2.3096027
2.0900588
2.2181876
2.1918983
2.566571
2.2652366
2.167759
2.397197
2.1064894
2.2704332
2.4101782
2.2298272
2.3609662
2.4880238
2.1105387
2.3947349
2.3193917
2.3632202
2.2839692
2.2297077
2.3103204
2.4346483
2.3484907
2.4247174
2.360991
2.2626693
2.0388477
2.2083473
2.2470593
2.0442085
2.3944597
2.3080583
2.3313918
2.381147
2.4034734
2.2177474
2.2925742
2.4636805
2.4280264
2.4056458
2.340805
2.26049
2.2007468
2.0239768
2.3842292
2.5189583
2.1608112
2.1589637
2.4604902
2.0558686
2.111789
2.344085
2.4137564
2.460374
2.2555094
2.1038656
2.3659813
2.2921433
2.2362494
2.2474496
2.2218363
2.4874291
2.2737958
2.3327112
2.2373433
2.110911
2.1882894
2.3323064
2.2621577
2.1979651
2.3885164
2.3034518
2.3306775
2.235946
2.162265
2.2972562
2.3912625
2.1632123
2.3352485
2.1741812
2.4328427
2.3759792
2.1016164
2.3030188
2.1577952
2.306858
2.3404028
2.3783584
2.3580918
2.2386508
2.1276312
2.2503858
2.3174324
2.2693717
2.3020024
2.322655
2.3374486
2.383382
2.383403
2.2396264
2.1708364
2.2599823
2.296557
2.288958
4.185207
2.2356472
2.1447423
2.2979004
2.2208533
2.265423
2.421567
2.3474138
2.291923
2.227078
2.2578273
2.2480419
2.254272
2.2514267
2.1529553
2.3568006
2.498277
2.5283625
2.2209573
2.2802474
2.2023816
2.3748262
2.1854901
2.2850742
2.245124
2.3984659
2.3057904
2.3060808
2.2519886
2.0344675
2.2819502
2.174145
2.3555217
2.3062387
2.3434634
2.1890574
2.2522113
2.3822246
2.3607879
2.2300258
2.3324008
2.403254
2.2035902
2.4622161
2.309778
2.3481867
2.064213
2.3567224
2.5074756
2.1892257
2.1486275
2.219881
2.434756
2.3514657
2.2978864
2.2220314
1.9747261
2.327978
2.1619287
2.3959723
2.55682
2.3124855
2.2952883
2.2266746
2.2684772
2.3772044
2.2702205
2.2088504
2.3436775
2.1876624
2.360205
2.8981318
2.5358014
2.3242629
2.2432098
2.245258
2.1799512
2.412808
2.4490008
2.1828325
2.5913901
2.4632297
2.2135594
2.2294831
2.179353
2.2104175
2.3029356
2.136376
2.0577512
2.2258098
2.0750763
2.3711267
2.470881
2.3161008
2.3674407
2.235786
2.371881
2.3977993
2.296593
2.093069
2.2391229
2.296188
2.2202187
2.1264255
2.4420896
2.1309109
2.2881715
2.2966564
2.1416051
2.3262055
2.3466353
2.4730768
2.2635505
2.3901846
2.3003418
2.3140793
2.125955
2.3446434
2.3557212
2.4413557
2.2963223
2.4415526
2.2568803
2.370068
2.3397663
2.463361
2.314602
2.1661468
2.4373472
2.3337407
2.1365342
2.3048005
2.293442
2.4015083
2.3568602
2.2890708
2.227677
2.3946922
2.2018964
2.1659727
2.387385
2.3136077
3.943214
2.40239
2.055083
2.307653
2.290928
2.415472
2.3581996
2.370841
2.4708214
2.1770782
2.1897109
2.3119078
2.2833655
2.0108724
2.2324002
2.3970306
2.166949
2.127438
2.3274083
2.5162075
2.2837455
2.3549283
2.368814
2.4265094
2.1903262
2.2389994
2.3790772
2.274633
2.4156609
2.3086152
2.2556663
2.411182
2.354918
2.4051218
2.2354534
2.2339115
2.4444718
2.2815123
2.272123
2.0268412
2.1824033
2.3697395
2.36776
2.1758208
2.3973312
2.425758
2.394334
2.3158214
2.114049
2.1608727
2.224042
2.4395401
2.3103867
2.349008
2.1442153
2.2688951
2.4200168
2.145645
2.299235
2.2385354
2.5114908
2.025298
2.1438603
2.6514091
2.32101
2.2351995
2.3529942
2.215226
2.361032
2.2406113
2.3992057
2.1608524
2.3020344
2.1501775
2.1444035
2.2315476
2.2798173
2.2039416
2.1698103
2.1336255
2.3714948
2.1933446
2.1590762
2.356351
2.3617923
2.3605945
2.297631
2.3701868
2.3714776
2.2592702
2.371103
2.2804408
2.216912
2.232189
2.4293714
2.3333173
2.4214594
2.3491957
2.226105
2.210429
2.525359
2.2016575
2.5006776
2.3392963
2.5606534
2.2256892
2.3036733
2.4886758
2.2840161
2.5069964
2.4551039
2.0954556
2.4833875
2.2425175
2.4733236
2.2422369
2.3230844
2.4074342
2.0832925
2.2556524
2.3628724
2.4973464
2.2469406
2.1192622
2.3142831
2.2711754
2.1860952
2.2255535
2.1843882
2.384973
2.2087379
2.278605
2.0877414
2.2040462
2.317295
2.113836
2.210749
2.2656987
2.2565362
2.2984345
2.444466
2.2940526
4.3261385
2.113121
2.2249932
2.191799
2.3065696
2.4123125
2.2304559
2.2847009
2.1226096
2.2929273
2.37367
2.1678414
2.487566
2.2563214
2.2517664
2.1665778
2.2472267
2.2290592
2.154153
2.3839364
2.3540907
2.374517
2.1634634
2.246296
2.001041
2.1562262
2.3246322
2.2347775
2.2466779
2.3697686
2.219049
2.4623253
2.3362455
2.4355586
2.349228
2.1596882
2.2702138
2.5113292
2.2460017
2.2988086
2.4353557
2.3038573
2.2837074
2.212212
2.4948883
2.1910892
2.3460271
2.2061265
2.4245138
2.4312778
2.2957702
2.3065066
2.0893312
2.2102652
2.0822806
2.325393
2.2472372
2.4941626
2.2170882
2.3617074
2.1972582
2.407594
2.267663
2.217097
2.278974
2.3033834
2.288858
2.3255556
2.3512688
2.38767
2.372871
2.2229314
2.3570907
2.3924441
2.3697202
2.4698994
2.2613819
2.043593
2.188144
2.3870206
2.1338456
2.3339183
2.3527904
2.2393336
2.2344685
2.146054
2.4689944
2.3240428
2.416163
2.3512695
2.3782125
2.2464821
2.4219608
2.2663338
2.2334251
2.408113
2.3252409
2.20742
2.2527142
2.4499478
2.3408623
2.3940735
2.2049794
2.144071
2.3713346
2.2422032
2.1077216
2.1935463
2.38942
2.6073575
2.3765514
2.2859216
2.1703777
2.3458593
2.3785186
2.2910016
2.2815504
2.5215213
2.384628
2.366881
2.3310077
2.236296
2.2877645
2.4225192
2.2293181
2.346093
2.2087574
2.3063672
2.460118
2.3593907
2.1432488
2.3256686
2.4433944
2.4127533
2.2517614
2.3691936
2.279814
2.294333
2.1136532
2.3350914
2.371429
2.1561596
4.3026614
2.4454315
2.1723232
2.5147119
2.2884371
2.232422
2.319461
2.1591554
2.319792
2.1929855
2.2284606
2.2119424
2.2772093
2.197589
2.1076167
2.4907951
2.401584
2.2026987
2.398806
2.1666024
2.2547376
2.5202088
2.4704747
2.4386334
2.1890962
2.3277009
2.212607
2.2011948
2.2474532
2.251466
2.262943
2.4380555
2.2660763
2.2326748
2.2697864
2.2319405
2.346711
2.2666104
2.1200032
2.3163743
2.2566738
2.3523934
2.3747487
2.5462346
2.2683804
2.2541432
2.326687
2.367773
2.3360565
2.3281252
2.4124665
2.339431
2.1679807
2.2127042
2.3487785
2.4070265
2.4116101
2.1926682
2.444802
2.167686
2.3114674
2.2036095
2.4012074
2.2495234
2.2250085
2.5303376
2.4309456
2.367456
2.2861686
2.2375972
2.434317
2.2824407
2.2961373
2.4306247
2.5473673
2.3809323
2.2086463
2.3655276
2.229856
2.2502837
2.4146953
2.336685
2.0901897
2.1822662
2.2750602
2.4265757
2.3588078
2.3766983
2.4417093
2.3145182
2.2585964
2.378495
2.3115332
2.1282663
2.406716
2.340016
2.2019534
2.2760549
2.3313725
2.319919
2.3890626
2.2381544
2.182627
2.1260664
2.271126
2.3613136
2.4052205
2.1658053
2.5769222
2.2538176
2.1575274
2.203448
2.476996
2.0789652
2.267755
2.303022
2.2599988
2.4002118
2.4975743
2.2699478
2.3459318
2.3418345
2.2161584
2.2101746
2.2913787
2.1784244
2.2440042
2.2994065
2.3252237
2.3812633
2.2370698
2.3916965
2.5066905
2.264784
2.3485422
2.3633385
2.329556
2.2737515
2.2877057
2.316302
2.1181986
2.3417869
4.1211185
2.18341
2.2738466
2.145616
2.302914
2.2337983
2.412594
2.3393817
2.1517537
2.38194
2.2324238
2.3862972
2.34915
2.15725
2.1807818
2.1753407
2.2179441
2.3619654
2.26137
2.447232
2.372897
2.2131844
2.4788508
2.1918683
2.2859359
2.16534
2.3236203
2.3534958
2.1383815
2.333045
2.325378
2.343581
2.2634752
2.420385
2.2175813
2.4690638
2.2909186
2.2231333
2.2010655
2.2507455
2.3995185
2.2082791
2.4220176
2.2290545
2.1929944
2.4410641
2.2377377
2.3411665
2.1206164
2.3503416
2.1263149
2.1407032
2.2997928
2.37894
2.2397037
2.1643796
2.2319689
2.2681813
2.356212
2.2402167
2.2705045
2.253696
2.2477157
2.262895
2.2469609
2.1991603
2.3677268
2.2669616
2.4740086
2.2268808
2.4370928
2.4776506
2.198389
2.2996087
2.3707604
2.3275332
2.2909975
2.2901452
2.3673797
2.391231
2.3911178
2.294145
2.3542771
2.5045414
2.2422948
2.1125755
2.1123805
2.4903262
2.3278778
2.120811
2.1608818
2.3237581
2.0418854
2.2827647
2.3314178
2.1922333
2.2615914
2.3334098
2.270639
2.220693
2.2568996
2.5143971
2.3445528
2.3777995
2.4614449
2.223988
2.2840505
2.2625012
2.3661122
2.4397702
2.3715281
2.4673915
2.4309103
2.5786705
2.1872973
2.4024253
2.152475
2.4157252
2.3759186
2.2485259
2.2167685
2.2695282
2.2822545
2.4967937
2.3291297
2.15888
2.244127
2.2870898
2.201168
2.2826855
2.4523406
2.089919
2.3982053
2.2378728
2.3800514
2.212832
2.1671147
2.3642726
2.2837594
2.328262
2.234919
2.2101772
4.608139
2.433763
2.2860844
2.258656
2.2300992
2.2348492
2.1237352
2.1415951
2.1698337
2.166885
2.339209
2.3154826
2.3227372
2.2757297
2.2604537
2.2161846
2.4993556
2.435616
2.4140418
2.331384
2.2049594
2.3008392
2.344479
2.24073
2.1150327
2.24595
2.0911896
2.308289
2.3227432
2.2974749
2.2201712
2.3241858
2.4183056
2.5465074
2.2014635
2.2800095
2.3419795
2.1182125
2.1368032
2.505239
2.3146272
2.2804341
2.2066598
2.2461686
2.306074
2.3413212
2.2950757
2.070113
2.3397245
2.3767076
2.449811
2.3391378
2.3761857
2.2977653
2.2376554
2.1889157
2.2839367
2.66085
2.3622222
2.1161242
2.2529917
2.2522378
2.3391018
2.2705123
2.2815995
2.2371025
2.3867984
2.3059525
2.4141917
2.390595
2.3403857
2.2092578
2.3129578
2.4789002
2.2407055
2.2190564
2.4765086
2.2116787
2.3183875
2.4051356
2.0883849
2.197793
2.1716893
2.346044
2.3996706
2.3129792
2.395374
2.2283921
2.2397175
2.2570984
2.1129827
2.307194
2.3999639
2.3015919
2.3211532
2.4177148
2.299226
2.3519602
2.2533784
2.214995
2.0967822
2.4488225
2.2409902
2.4776735
2.3405764
2.0495355
2.3761888
2.1570673
2.2865129
2.2397316
2.3580122
2.3537621
2.155705
2.2982855
2.1668499
2.3868775
2.1720674
2.1466248
2.2697906
2.0972252
2.3416348
2.3466675
2.3202813
2.523625
2.297202
2.4712975
2.3414845
2.3695323
2.3220792
2.4087563
2.2521913
2.2878947
2.340143
2.2688794
2.3217683
2.2546666
2.3387184
2.4292622
2.2685685
2.187566
2.3017619
2.240011
4.539587
2.2138886
2.1184244
2.1913607
2.2816768
2.1111615
2.3171592
2.3149712
2.3833182
2.3058171
2.2052631
2.2359357
2.3151972
2.3523192
2.4804354
2.0568538
2.2431233
2.2994297
2.3560586
2.3588276
2.2492769
2.4470353
2.0642133
2.2651477
2.3478446
2.2679248
2.1214685
2.04697
2.269405
2.3252676
2.2598627
2.9571059
2.1926012
2.349371
2.1965446
2.1601925
2.3954806
2.4450338
2.3019862
2.1252055
2.1358635
2.1936777
2.2787526
2.1097763
2.2536871
2.5051053
2.2600868
2.3375437
2.2607796
2.4743211
2.3418972
2.3281715
2.3125286
2.4461265
2.2742968
3.335416
2.439497
2.1709826
2.3283205
2.2372186
2.3010285
2.473777
2.3984973
2.446804
2.3581972
2.4518335
2.4836104
2.27635
2.2753556
2.4747481
2.3384883
2.2203307
2.2982311
2.3260744
2.2618165
2.295087
2.3107808
2.3330202
2.327293
2.2179532
2.1279433
2.2759306
2.3690748
2.1845329
2.2185278
2.4092603
2.2498188
2.2504237
2.2586198
2.3761082
2.3885727
2.4221456
2.1548579
2.236735
2.4381785
2.2758398
2.2162056
2.3129578
2.4115882
2.1394124
2.3338609
2.3028064
2.3554358
2.348811
2.4629676
2.2845652
2.277338
2.3661008
2.194579
2.3231068
2.1788838
2.4050746
2.295089
2.2440648
2.287119
2.2350013
2.383522
2.3268983
2.2807198
2.200333
2.4767208
2.3230262
2.3373456
2.286313
2.3894842
2.3543644
2.1563032
2.2176194
2.3846107
2.418604
2.1498504
2.2318773
2.1890674
2.3433259
2.4124832
2.225094
2.1958337
2.3589168
2.424564
2.359702
2.3413281
2.0901437
4.8493605
2.317413
2.3983896
2.2859383
2.2601078
2.2276258
2.141507
2.2165852
2.2494962
2.511746
2.1771424
2.2915773
2.198959
2.4189487
2.5477707
2.4272065
2.320608
2.6459253
2.3987238
2.2763693
2.369824
2.3537755
2.271525
2.1598582
2.382585
2.2337806
2.2229736
2.3553042
2.233102
2.5588844
2.1024277
2.395892
2.3539004
2.46917
2.3548286
2.3622887
2.335948
2.1668024
2.2913733
2.1536567
2.134859
2.2326818
2.1662133
2.2939408
2.2461476
2.401414
2.2285695
2.3189209
2.1527045
2.3551614
2.1759722
2.256971
2.2143686
2.2318523
2.1953058
2.2243142
2.4281557
2.2816281
2.3208923
2.126265
2.2464244
2.4326978
2.1559632
2.364523
2.2525668
2.019194
2.255362
2.3210254
2.1669848
2.3035693
2.2861602
2.3604248
2.1675932
2.2793193
2.4169831
2.3437324
2.3280742
2.1989284
2.5533423
2.2712486
2.4643385
2.2713013
2.4562435
2.3259788
2.5699372
2.1442142
2.4670486
2.3321662
2.2668598
2.2780957
2.3128579
2.3670087
2.3921037
2.2495198
2.293069
2.2393155
2.3875687
2.1757045
2.235908
2.3334086
2.3642144
2.4125564
2.2191272
2.3656356
2.2802312
2.2364013
2.2174702
2.416425
2.2934651
2.2629828
2.3658516
2.4083133
2.0799606
2.1359994
2.3722627
2.3630805
2.2880058
2.3450923
2.3298073
2.1377795
2.3427396
2.2910957
2.2547581
2.4451025
2.3057024
2.1647966
2.284896
2.3532007
2.1573694
2.1858652
2.1328053
2.4625754
2.206615
2.37999
2.2748861
2.2161012
2.052309
2.3786922
2.1994278
2.3242722
2.3140154
2.2585437
