9.90353
9.903479
4.1364584
3.7433708
3.4576848
3.2645106
2.918592
3.0861669
2.798821
2.6985557
2.5911617
2.6179452
2.7410629
2.7118988
2.6420794
2.6599753
2.6708264
2.3933427
2.539868
2.467772
2.4887626
2.4650555
2.392278
2.4952369
2.4457736
2.4929786
2.2713628
2.4282691
2.2486892
2.6713111
2.3053818
2.372984
2.3539526
2.5377054
2.144775
2.2963789
2.2471187
2.1748152
2.4597
2.2379906
2.3578374
2.361206
2.370222
2.338281
2.3191206
2.368009
2.39383
2.3265033
2.3932703
2.285074
2.2108335
2.2957823
2.2312903
2.4393716
2.3250914
2.3667693
2.278534
2.4373636
2.2790813
2.3220906
2.1532955
2.299395
2.2672248
2.241055
2.3264334
2.1898646
2.3876698
2.2555423
2.3348832
2.2876453
2.319688
2.2093651
2.038118
2.221105
2.2195385
2.23115
2.2249668
2.2799287
2.264766
2.3007002
1.9982927
2.2386758
2.2333636
2.188963
2.276963
2.1152878
2.213218
2.1129487
2.0909624
2.1474319
2.2727864
2.1867058
2.2236187
2.1722941
2.071268
2.1624706
2.3507423
2.263914
1.9648262
2.0561233
2.0473027
2.263923
2.0966856
2.2257276
2.1963086
2.019982
2.2560165
2.1527333
2.2090244
2.2337012
2.1597323
2.144202
2.14974
2.134504
2.184702
2.2897475
2.0772247
2.1944764
2.173732
2.149538
2.0431533
2.0973659
1.9651066
2.0417037
2.1401129
2.1414082
2.1725788
2.2716708
1.915728
2.0622907
2.1768813
2.050677
1.9738886
2.1460173
2.0311074
1.9884135
2.1684008
2.0681064
2.0080142
2.1209998
2.118392
2.1922982
2.2141845
6.3514776
2.0942235
1.9974848
2.1609564
1.9929659
2.2860944
1.9672496
2.2690396
1.9802608
2.0561774
2.1678681
2.1030908
2.2161808
2.0550275
2.197467
2.358233
2.1364834
1.883934
1.994997
2.1247096
2.027719
2.211927
2.0211344
2.1148577
2.2153125
2.1399474
2.2295055
2.1420245
2.0190568
2.108004
2.0842147
2.2055466
2.1210039
2.028646
2.0747766
2.0869756
2.140567
2.0781462
2.180017
1.9679945
2.0315332
2.1012702
2.1380382
2.030695
1.9815687
2.107227
2.0583603
2.0403447
2.142042
2.0260544
2.1942601
2.0491004
1.9813125
2.1424742
2.1722069
1.9473104
2.0074327
1.9195507
2.0833209
2.1616118
1.9817212
2.079976
2.078261
2.1956947
2.1856782
2.0327618
2.1492877
2.0889125
2.132783
2.0233235
2.0739489
2.0026712
2.0720387
1.9510521
2.1545715
1.9740703
1.9994568
2.1180644
1.9824936
1.9472446
2.024467
2.1288762
1.9143398
2.1255445
2.1351554
2.1214185
2.1569204
2.0203593
2.1988435
2.0997148
2.0915542
1.9821243
1.9705737
1.9862581
1.9455913
2.2165163
2.0329347
2.0417633
1.9552017
2.1447763
1.921732
1.9140155
2.0506396
2.008968
2.182091
1.9185203
1.9942335
1.8163936
2.0277658
2.1621938
2.023926
1.9981047
1.9209362
2.0428772
2.0718112
1.9433597
2.1263244
1.9260321
1.8861843
2.2106085
2.041487
2.089206
2.0130215
2.0750108
2.128245
2.1921694
1.97776
1.9534804
2.0592406
1.9559168
2.0243642
1.9664552
2.0947983
2.0810215
2.0264559
1.9477428
1.9380648
1.8698906
2.018374
2.0713646
1.8908141
1.9376576
3.6845315
1.89023
2.0655565
1.9913032
2.0553064
2.1124005
2.128407
1.9950149
2.0099769
2.190836
1.9493544
2.0162482
2.0038757
1.9800861
1.9920928
2.0629783
2.1553805
2.0966249
2.1347167
1.9045229
1.9541719
2.096969
2.0954902
2.14533
1.9021227
2.0153542
2.009213
2.1273186
1.8996565
1.9853466
2.0468686
1.9673738
2.1157832
2.0284882
2.0169835
2.0252137
2.0868611
1.9731363
1.9345337
2.1220603
1.8864092
2.116261
2.0187356
1.9678589
1.8809417
2.086401
2.101656
1.9202951
2.0681472
2.0678008
2.1029592
1.9500284
1.9614706
2.046807
2.0877488
1.9210708
2.0290484
2.0651906
2.0970972
1.9625756
1.979392
2.0364933
2.0486598
1.8556564
2.1820378
2.0107503
2.0702784
2.0508556
1.9980145
1.9518261
1.9191204
2.0471623
1.9700449
2.0787752
1.9875358
2.1093795
1.9054403
2.0311677
2.0337784
2.0435567
2.0716612
2.0723417
2.0490499
2.0596254
2.028664
1.9382693
2.083313
2.1443763
2.0647538
2.1157377
2.0855217
2.0162902
2.0625427
1.98296
2.059748
1.9424953
2.2275486
2.1142328
2.084687
2.0348873
2.130969
1.9777199
1.8245382
1.8585713
2.0455196
1.9921982
1.9470379
2.0403674
2.1261487
1.8685284
2.0944653
2.2677267
2.0161846
1.9792484
2.000513
2.0883667
2.0520701
2.1343977
2.0257463
1.9494469
2.042171
1.8752772
2.0272222
1.9916118
1.9024435
2.0123987
2.1919944
2.1285398
2.004787
2.0433662
1.882581
2.0617113
2.0097919
2.0228205
2.0546453
2.0671349
2.015863
2.0153127
2.0073078
2.1757712
1.8952439
2.072888
2.966892
1.9195725
1.9953476
2.0044525
1.9657532
2.0666745
2.0479412
2.0593894
2.0439315
2.0545201
2.0308971
1.7855227
2.191066
2.0003324
2.0540688
1.9363654
1.8235805
1.9951713
2.234524
1.9387608
1.9229898
2.0621314
2.079174
1.9488932
1.9856411
1.9791853
1.8760601
2.053871
2.13446
1.8011612
2.002962
2.1098437
1.9558489
2.0147607
1.9866924
1.9433514
1.8615326
2.160008
2.0246894
2.069041
2.1206985
1.9876077
2.08991
2.0625536
1.9398139
1.8688982
2.1126378
1.950371
2.2047744
1.9140244
1.7757906
2.0604157
1.9336565
1.8557339
1.9872509
2.0367794
1.8792269
2.0710864
1.9912033
1.9432423
1.9624565
2.070068
1.8601742
2.0348785
2.0735135
2.0184846
2.0528502
1.9850788
2.1332173
2.007155
1.9240055
2.0199056
1.9905252
2.0952985
1.9885817
2.03155
2.030268
1.9913346
1.9685942
1.9861088
1.8525593
2.0325441
1.9395571
2.1571794
2.1146245
2.0041249
2.0306318
1.9605442
2.1048038
2.0729787
2.0208268
2.0600388
1.9200761
1.9276845
1.9278278
1.8476826
2.0013535
1.8919264
2.2165408
1.9342028
1.9725637
1.9918554
1.8538471
2.1531563
2.0243979
2.008173
1.9466293
1.9344606
1.9814097
1.9099181
1.9744755
1.9236543
2.0086596
1.9229882
2.0181725
2.0257938
1.8880844
2.0407555
2.176571
2.1173697
1.9118347
2.3250332
2.0029845
2.0979288
2.1067975
2.0554957
2.0016782
1.9922796
1.9949194
1.9945242
2.2193758
1.9671001
1.9038289
2.0736635
2.0907924
1.9941521
2.0565276
1.9276783
1.9703853
1.864434
1.9233828
1.921727
2.808676
1.9795039
2.0014012
2.0310788
1.940625
2.0249174
1.8707397
2.053552
2.0188687
2.147808
2.0477245
1.9302919
2.1205716
2.057442
1.9697373
1.9864067
2.0549066
1.937207
2.0057921
1.982579
2.016732
2.05913
2.0278852
2.0255668
2.0384955
2.0523853
2.0224032
1.8945997
1.9654986
1.9650078
2.0227985
2.1158898
2.2095644
2.1166599
2.1109326
2.018823
2.0674741
2.1083426
2.0583014
1.8583912
2.112293
1.9303665
2.0631015
1.9600995
2.0257993
2.0858784
2.0525873
1.9897172
2.0559547
1.9625508
2.0931215
2.0760388
1.9572102
2.1754954
1.9383999
2.0136247
2.1928437
2.0273166
2.0999923
1.9874837
1.9460785
1.8705711
2.022561
2.114719
2.073196
1.9106531
1.9350135
1.9661362
2.0688536
2.052925
2.002862
2.1106024
1.8683767
2.024777
2.021417
2.01572
1.8780504
2.084989
1.9908787
2.0487726
1.8671173
1.8854872
1.8596423
2.037171
2.0489793
2.0214324
1.9883442
2.041041
2.0852275
2.006975
2.083235
1.9068663
1.861447
2.1036553
2.0296588
2.0546844
1.9820141
2.0352638
2.0128117
1.9944394
1.9996847
1.9920952
2.0024967
2.088238
1.8855244
2.0600443
1.9431368
1.9342499
2.1532445
1.8595196
2.0823073
1.9675853
1.899513
1.911369
2.0185723
1.9541492
2.0339463
1.8999401
2.073042
1.9946028
1.846349
1.9608638
2.0603526
2.0975833
2.1464849
1.9125049
1.799297
1.9176124
2.0344958
2.0325303
2.1403866
2.1015136
1.9037907
1.9798908
1.9282663
2.0357728
1.9858475
1.9678526
1.9930916
1.9243596
1.9011209
1.9979197
2.8252337
1.924552
1.9616264
1.9788116
1.937957
1.9975821
2.0066705
2.0014281
1.950951
2.0859945
1.9658918
2.0341995
1.855159
1.9515553
1.9709971
1.9582069
2.002852
1.9330139
2.2532578
1.9271958
1.9698646
1.9958918
1.9635458
2.1172776
1.9691128
2.2124104
2.0356574
2.006606
1.877587
2.0974774
2.0458798
1.9053234
1.8366995
2.0486584
2.0628886
2.0146408
2.097382
1.8719496
1.9123281
1.9132938
2.122498
1.8356571
2.162434
2.0919342
2.0964894
1.9256941
2.00874
1.9701843
2.0903049
2.002107
2.0774648
2.115636
2.0481632
1.9662138
1.9770563
1.9559664
1.903195
2.0197818
1.955007
1.7839121
2.2554708
1.8993976
1.9703884
2.1926005
1.8109915
2.1594486
2.012378
2.2643216
2.0851712
2.0935977
2.2105408
2.1005006
1.9753599
1.8397945
1.990621
1.9407003
2.014555
1.972607
2.0054438
2.0239377
1.9816154
1.923675
1.960754
1.9188017
2.1088016
2.0903401
2.040772
1.9130275
1.9999281
1.9976393
1.8659534
1.8945144
2.031267
1.9859915
1.9866192
1.9194233
2.0699854
2.0584133
1.9742918
1.990907
2.0719876
2.0868409
2.0002637
2.0580783
2.0644016
2.0577667
1.8973774
1.9495623
2.0589912
2.0840044
2.051923
1.9675655
1.9826733
1.9820728
1.9152979
2.0839753
2.1350384
2.1464663
2.0170434
2.010919
1.9334347
2.0349078
2.132843
1.910367
2.1422443
1.9208968
1.9686348
2.0833383
2.0183287
1.9243206
1.9193296
1.9414612
2.043483
1.9310119
2.1425881
1.9967873
1.8921468
1.97135
2.0493715
1.947128
2.0616927
2.141677
2.6770446
1.941585
2.0138457
1.9479342
1.9742998
2.1234825
1.8753967
1.9613785
1.9599785
2.0116055
2.0357943
1.9956462
1.8552195
1.9937664
1.9063404
1.9515606
1.9228756
2.0403357
1.8573459
1.864155
2.0279217
1.9284567
2.1956239
2.0426557
1.9876801
2.0578914
2.065938
1.914464
2.0848005
1.9836906
2.009022
2.1607544
2.0087466
2.1066744
2.0032253
1.8782063
2.1656637
2.0436568
1.9689255
2.0013273
1.8997314
1.9488919
2.0573978
1.9465427
2.0665412
1.9885975
1.9289471
1.9900436
2.0729833
1.9790618
1.8445132
1.8676271
2.0210438
1.919339
1.9269005
2.0582714
2.1078463
1.8832897
1.9429266
1.9510424
1.8678089
1.9899086
2.1493287
1.9721072
1.9645452
1.8887217
2.061413
1.9730618
1.9602467
1.9863096
1.9855124
2.026324
1.8534847
2.006103
2.027969
1.9899471
2.090044
2.021225
1.9410334
2.084235
1.9691662
2.0288029
2.1855543
2.0084913
2.1008637
2.024174
2.0779667
2.0021229
1.8904092
2.0626795
2.0550237
1.9803169
2.0287173
1.9586351
1.9729445
2.0946896
2.0823426
1.9461725
1.9832176
2.0787513
2.168467
1.963224
1.9811792
2.0877872
2.1052492
2.0151377
2.0185204
1.9691017
2.0330186
2.1357803
2.0980659
2.0599554
1.9558426
1.9560833
2.0620914
1.991349
1.8963873
2.130077
2.1619852
1.8458401
1.9072497
1.9705608
2.2136834
2.0013838
2.1059616
2.0455966
2.0182145
1.9718819
1.998756
1.9737736
1.9560169
2.0249338
2.0778556
2.0909085
2.1533654
2.1300888
2.0330498
1.9498541
2.1495693
1.7979319
1.9116552
2.08463
2.6644006
1.9687121
1.9027297
1.8766057
1.985923
1.9382416
2.069074
1.911383
1.9262224
2.019681
1.9210832
1.9415954
1.9945568
2.1115882
1.9700899
2.0538366
1.9773662
1.9325399
2.0305305
1.9347188
1.9666923
1.9127525
1.9473528
1.8292532
1.8942754
1.9391006
2.011391
2.0195785
2.0112693
1.8695799
2.1075397
1.9850489
1.9857413
1.862603
2.0688004
1.9584103
2.121747
2.0247972
2.0966916
1.9264228
2.0413957
2.0407758
1.8750805
1.8972313
2.0599906
1.9626586
1.8586352
1.9142106
2.0119965
2.0110972
2.0835557
1.9267118
1.9561348
1.8589523
1.9314177
2.110616
2.0793161
1.792443
1.9927368
1.9194753
2.040265
1.8678262
2.0993881
2.1006732
2.0646958
1.9970032
2.2044282
1.8866618
2.0287344
1.9249849
1.9379057
1.8800875
2.0396788
1.9097548
2.1877828
2.0231466
1.9351072
1.9457304
1.9488955
1.9364811
1.8986304
2.08263
2.0263915
1.9400803
1.9824221
1.854751
2.0610054
1.9860681
2.0447779
1.9629532
2.0033946
2.0466247
1.9797884
2.0346255
1.8433689
1.9997412
1.958231
2.0584507
2.206514
2.0490606
2.168591
1.9953493
1.9509351
2.156617
1.9147921
2.0067163
1.9348919
1.9876804
2.038358
1.9857733
2.0120707
1.8382118
2.0270321
1.8891529
2.0344098
2.0054147
2.0868802
1.9443907
1.8133669
2.0184207
2.0059216
1.8864462
1.8953464
2.0226955
2.1002278
2.0182252
2.0361598
2.1278985
1.9983552
1.9366167
1.9248873
2.0532384
1.8891643
1.9685824
1.8867346
1.9415112
2.044131
2.0108745
2.01275
1.8977302
2.0366035
2.0318022
2.7177854
1.9193131
2.0698838
2.0061812
1.8133163
2.0574691
2.027679
1.9525303
2.119064
1.8931963
2.0833304
1.9657055
1.8634771
1.8812206
1.9375616
2.1008747
2.012549
1.996254
1.9281309
2.132456
1.9421332
1.9034878
2.0397325
2.0175133
1.9813716
1.9176624
1.9169457
1.9965451
2.0841825
2.02457
2.0278187
1.9471109
2.0288346
2.0413384
2.0375519
2.010652
1.9045931
2.11791
2.0207076
1.9642786
2.2780154
1.8736607
1.9749181
1.9072498
2.051337
1.8827198
1.9755023
1.9331329
1.9699323
1.9566011
1.9751852
2.113714
2.002597
1.925525
1.9657011
1.9677664
1.9681581
2.1127315
2.0275617
2.0355525
1.8746264
1.7974554
2.0121367
2.0364978
2.0423493
1.9883289
2.01016
2.0744236
1.8868206
2.0700903
1.8675451
1.9514952
2.2256217
1.8859456
2.0602174
1.9491783
2.1140969
2.0464683
1.9084018
1.8456653
2.0254657
2.150515
2.0318036
1.9514568
2.118939
1.912637
1.9338958
2.1246731
1.9649035
2.1289747
2.0473778
1.9934479
2.0516968
1.9757221
2.0034506
2.166016
2.1444006
1.989188
2.00386
1.9872379
1.9871037
1.9809692
1.9250567
1.973368
2.0318823
2.05481
1.9785156
1.8215554
1.9846405
2.0360382
1.9487107
2.03554
2.0242252
1.8053735
2.1029193
2.0510695
2.017548
1.9269196
2.0186725
1.9462582
2.0196671
1.9618496
1.9139688
1.9313215
1.9013212
2.030856
1.9546263
1.9790455
1.9833406
1.9573214
1.9829578
2.053329
1.9281209
2.0114846
1.9851421
2.0514517
2.0334764
1.9662765
2.034295
1.9773649
2.1244385
2.071546
2.734903
2.171257
2.062006
1.9729168
2.1256425
2.0871868
1.893245
2.0410204
2.0220332
2.0425582
2.0060685
1.8671242
1.8287799
1.9092643
1.9403976
1.9745659
1.9261736
1.8856058
2.0461843
1.8934673
1.9850204
2.0047104
1.9824669
2.0357292
1.9733664
2.0027375
2.0255167
1.8551754
1.8775498
2.1141448
1.9287453
2.0789113
1.7674007
1.9145931
1.9376255
1.999399
1.9409081
1.9365149
1.9538332
2.026197
2.0406582
2.0610762
1.9513824
1.8625126
1.995052
1.9832042
2.097381
2.0197568
1.8553612
1.9038321
2.1265016
2.0355043
2.1070755
1.8845246
1.9931167
2.0947747
2.051246
2.0428104
2.171388
1.9316435
2.073621
2.066589
2.1411562
2.0723715
2.003652
2.0149193
1.9464066
1.8094504
1.9522444
1.8794005
2.0162892
2.0785718
1.9570134
1.9565144
1.9726608
1.9727519
1.9774164
2.1682
2.2551315
1.954593
2.0205226
1.9382696
1.8668553
2.1336071
1.949403
1.917469
1.9571011
1.9455656
1.9680774
2.0971284
2.0882232
1.892142
1.9618332
1.9836187
2.0398111
2.1271281
2.074202
1.996802
2.010447
1.906656
2.2185764
1.9693044
1.9949785
2.0373616
1.9758127
2.0217476
1.919837
1.9996879
1.9829814
1.9394996
2.016939
2.0833216
1.9264084
1.808336
2.0302444
1.9290221
2.095063
2.092254
2.0923123
1.9872261
1.8621991
1.8664043
1.938995
1.9772332
1.9814203
1.7601054
2.051848
1.9056704
2.0028026
2.0916555
2.0384338
2.0300515
2.0393693
2.028892
2.037193
2.083569
2.0824368
2.2114992
2.0353422
1.8759458
2.1755896
2.02127
2.6945949
2.091372
1.9717638
2.197341
1.9253376
2.1479497
2.1169553
2.0957942
2.0904686
1.9352973
2.017758
2.042706
2.015676
2.044829
2.0060434
2.0440352
1.9894459
1.9660852
2.0382607
2.0488136
2.057631
1.9984739
1.9281242
1.8779345
2.0868866
2.1106312
2.1240907
2.1134477
1.9643227
1.9686592
1.9191837
1.960437
1.9642088
2.1644883
2.0573075
1.9131002
2.0379672
2.062906
2.0651717
1.9083763
2.0245779
2.0888298
1.9156647
1.8280075
1.9505981
1.99746
2.0639164
2.007308
1.9423918
2.0301929
1.9635099
1.8499104
1.8634968
1.9678307
1.9182055
1.9646385
1.9491012
2.0684705
2.029904
2.10467
2.0061383
1.906002
2.1720395
1.9475672
2.0944254
1.8226354
1.9402187
1.8715618
1.9347355
2.0407927
1.8985021
1.9306911
1.9252264
2.00485
1.8372118
2.065165
2.0063221
1.8546425
1.9624765
2.0544956
1.9591539
1.9490488
1.9770237
2.204102
2.0640466
2.045687
1.9366629
2.0090725
2.1415963
2.071978
1.9692335
2.0163467
1.9123843
2.0373769
2.0071397
1.9947157
2.1434386
1.9939384
1.9150627
2.1861272
2.0563753
2.0864727
1.8230231
1.908144
1.8824154
1.9659227
1.9295073
2.0181465
2.02153
1.9119625
2.1267247
2.019549
1.9939358
1.916529
1.9684696
1.9541061
1.9602436
1.9805896
1.8792007
1.9165589
2.0331733
2.1077642
1.934918
1.9460891
1.908362
1.9058692
1.91415
2.030855
2.1146576
2.0713785
2.0724013
2.0721436
2.0313988
1.9349887
2.0931604
1.9938805
1.9310824
1.9010341
1.9356985
1.948728
2.1464283
2.049415
2.6678188
2.1986775
1.9866436
1.9726588
2.0195632
1.8962177
2.006404
2.0178568
2.093693
2.0029387
2.0548785
1.9149892
1.9519047
2.0299983
1.9053314
2.094993
1.9997066
1.9136108
2.0137053
1.9982449
1.9086809
2.0324845
2.0696626
1.7565302
1.9338986
1.9527537
2.071281
1.9470707
2.051458
2.088694
2.0387168
2.0688505
1.9571064
1.9762418
1.9566771
1.998403
1.9794499
2.0009294
1.852368
1.9303627
2.0628247
2.0974584
2.0606012
1.8261865
1.9435415
2.0568357
1.8955505
1.9913517
2.1466773
1.9632862
2.0546994
2.0597713
2.0696082
2.0393112
2.0266895
1.9701633
2.0297544
1.8929074
2.0525506
1.982743
2.1741776
2.0185866
2.096437
2.0536988
1.9745781
2.2308245
1.9533577
2.1767251
2.0949626
2.0258803
1.9552698
1.9569308
1.9465744
2.0942426
1.9907682
2.0203514
2.1474986
1.9743817
1.7432554
1.9657522
2.0544093
1.9701493
2.0515735
2.0292325
1.9782137
1.974802
1.8721561
1.8277435
2.0535944
1.9001026
2.0152812
1.8760567
2.040411
1.9236559
2.0227723
2.0943744
1.9114077
1.9075224
1.9992698
2.051515
2.0223262
1.9345157
1.8726475
2.0364676
1.9460394
1.8994608
2.17514
2.046929
2.034976
1.9255387
1.9798816
2.077623
2.138012
1.9631678
2.0279179
1.8227141
2.0128279
1.94692
1.9291605
2.021318
2.0915582
2.0311732
1.9387438
2.1103644
2.0236635
2.0237927
1.8514087
2.0011878
1.9315058
1.9246445
1.995558
1.9473703
1.9466168
1.854028
2.155749
2.0747848
1.9834816
1.8392785
1.9323254
1.9846618
2.048462
1.9785216
2.7855175
1.9546381
1.9735445
2.0074139
1.9936041
1.9506766
2.102131
1.8574047
1.8995908
2.0601392
1.848306
2.0764132
2.0444884
1.9831699
1.8465725
2.092029
2.0717564
1.8425182
2.0060823
2.1342828
2.1599514
1.9167866
1.9016873
1.983392
2.099384
1.9497608
1.9965378
2.0077515
1.9914051
2.0448813
1.9003134
1.8915155
2.0388255
1.9541986
1.9899435
2.0779154
2.0004878
1.8669302
2.022698
1.9044138
1.9226259
2.1656992
2.0711255
2.1025267
2.1082933
2.0151436
1.9360578
2.0623424
2.0674896
1.9596355
1.8767103
2.1295269
2.1245816
1.9120957
2.0596805
2.0588317
2.0534232
1.8766422
2.0057836
1.9490986
1.970187
1.874471
2.1106315
1.9819257
1.9004189
2.0351694
2.0047262
1.9244728
1.963124
1.992594
2.0307574
1.9901974
2.0218859
1.9784664
1.8440285
2.099852
1.9236195
2.0627236
1.7936833
2.038648
2.0219748
1.9906836
2.0041687
2.0597088
2.1524584
1.9602184
1.9525608
2.0599668
1.8807173
2.0590138
2.0289333
1.8157203
1.977508
1.9545037
2.0140731
1.9020603
1.9988263
2.0474238
1.8669014
2.0059083
2.07756
1.9796982
2.1270359
2.0098386
2.039497
2.0887418
1.9525677
1.9538075
2.032184
2.0801587
1.9361069
2.0111437
1.8534015
1.9986948
2.0115094
1.9378002
1.950536
1.9830263
1.991574
1.9869883
2.0663314
1.8621731
1.9269873
1.8540701
1.9088808
1.849349
1.8399839
1.8637106
1.9461511
1.9659344
2.1781003
1.9137512
2.0172565
1.9985508
1.941169
1.8528111
2.028167
1.9799143
1.8912318
1.8814217
1.9935265
2.035402
2.674102
2.0212626
2.1238723
1.9752245
1.9288355
1.9558512
1.9925696
1.937144
2.0031278
1.9384207
1.8986981
2.0491464
1.9873129
2.0001733
2.0861306
2.0379093
1.8735313
2.0645957
1.8378521
2.002112
1.9054668
1.9665197
1.9484762
1.9928887
1.9513137
2.0659409
1.9971867
1.8886143
2.174502
1.9275367
2.0093486
1.9300654
2.0037074
1.833869
1.8247986
1.9764026
2.0782416
1.9912056
2.1919248
1.9706135
1.972387
2.0086443
1.9857861
2.126106
1.9413513
2.0513034
2.0609221
2.0369575
2.0231354
1.9361156
2.0173352
1.9296186
1.9658489
2.0278656
2.0568442
2.126661
2.1049361
2.0829456
2.0074735
2.0186377
2.098288
1.9657457
1.9617227
2.1536746
1.9206547
2.000878
1.9756756
2.0120623
2.0094554
2.210857
2.050756
2.0794144
2.0110676
1.9472992
2.013024
2.165172
1.8956925
2.0703633
2.0374258
1.9752938
2.1230166
2.1229224
2.0372648
1.9301354
1.847208
2.0769913
1.9934992
2.128115
1.9280255
1.9839029
2.0038621
2.111388
2.0176048
1.9585469
2.0008447
1.9668205
2.145909
1.9547533
2.0081668
1.8173935
2.0481687
2.1376324
1.9408996
1.9147398
1.9858043
1.8993847
1.9878397
1.9886442
1.9137634
2.1150002
2.0084922
1.9347006
2.1833897
1.845232
1.8852047
1.9503117
2.0615993
1.9066856
1.9499433
1.9695679
2.0954237
2.0059416
1.9999399
1.8754976
2.023416
1.9956903
2.0756364
2.111701
2.0243824
2.0924249
2.0541294
1.9702384
2.0566592
1.9652703
1.9228464
1.9121761
2.1183717
1.9042263
1.8782539
2.0435176
2.0479076
1.9687359
2.869929
1.9401712
2.0108538
1.9825672
1.9592779
2.0979726
1.9632763
2.0681715
2.0504441
1.9720223
1.9706428
1.937692
2.0328307
1.8550026
1.9339874
1.9436958
1.9244993
1.8239075
1.9255368
2.0482125
1.951115
2.008237
1.8678602
1.8504003
2.1602128
1.9189514
2.011413
1.8721529
1.9271724
1.9532989
1.8736293
2.0472796
1.955129
2.0796006
2.029619
2.009457
1.8934929
1.9903088
1.9232658
2.0972004
2.001966
2.1087303
1.9173157
2.0080132
1.9939201
1.8602095
2.0836825
2.0362487
2.089284
2.0079854
1.909799
2.0531023
2.0795298
2.069823
1.9785831
1.9612095
2.008102
1.8848702
1.8911352
2.049294
1.9722599
1.9038703
2.0250816
1.9498131
1.8975945
1.892773
1.858353
1.9986693
1.9661096
2.0034366
2.01954
2.0163064
2.083696
1.9079672
2.0682003
1.7992741
1.8730309
2.1069078
1.9429581
2.028222
2.017766
2.062231
1.98216
1.8941593
1.8870564
1.8823553
2.1324208
2.0207458
2.053345
1.9971682
2.0559077
2.1084268
2.057407
2.1547399
1.9954094
1.9487631
1.9807129
1.9320405
2.0968332
1.9594223
1.9108874
1.9586818
2.1056952
1.8360211
2.0758529
2.0251803
2.1314595
1.6748178
2.0487795
1.9898322
1.9809754
1.993602
2.1301417
1.9752992
1.9393383
1.9556051
1.9460275
1.919576
2.0027692
2.0130737
2.1034555
1.9016197
2.1171117
2.0981154
1.8752754
2.0201752
1.9896162
2.0957375
1.8997138
1.9719918
1.9959558
1.9639072
2.002922
1.965718
1.937011
1.924691
1.9652325
1.8748543
2.0914762
2.137073
1.8613182
1.7920706
2.8125546
1.9633229
1.9844898
1.9231707
1.8679016
2.0573905
1.8276278
1.9178889
1.9626936
2.0424826
1.8308929
2.0440404
2.0287795
1.9633434
2.0333486
2.1124954
1.9850147
1.9776974
1.9381495
2.1624293
1.8417486
2.095918
1.8282487
1.8745439
1.9706215
2.0229914
2.1185808
2.0093074
1.9633402
2.0365086
1.9022028
1.9372925
2.0008752
2.1061199
2.0676427
2.0619836
1.8969473
1.8824692
1.8604193
1.9750246
1.9348396
1.9652379
1.9729532
1.8693902
2.0371356
2.0971684
2.0137925
1.9636377
2.0674915
2.2930102
1.9561154
1.9971308
2.029047
1.9414911
2.026116
1.9167101
2.0124867
2.0553057
2.1813953
1.9737298
2.2036326
1.7776607
1.8771492
1.8726394
2.11034
1.9684203
1.82805
1.8915981
1.9628311
2.0166397
2.0090168
1.9869869
1.9404436
2.0140533
1.9551952
1.9802704
1.9643704
1.9246461
2.1508918
1.8570623
2.1088536
2.0369058
2.047297
1.8551947
1.9125988
2.105275
2.0478916
2.0560355
2.1316164
1.9830418
1.9907709
2.0287228
1.9813678
1.983423
1.9882803
2.054792
2.0141954
1.9853256
1.828243
2.0363266
1.9465008
2.1032553
1.9326723
2.0026278
1.9846798
1.8155226
2.0627112
2.0673108
2.0410771
2.0374687
1.8932037
1.9981346
2.0801022
1.9750698
2.0324907
2.0188546
1.7966324
2.0172439
1.9785964
1.903965
1.857357
2.1068733
1.9667692
1.8909328
1.92068
2.0370772
2.1630807
2.0203805
1.9607807
2.0249872
2.0493445
1.9942636
2.0247974
1.9062245
2.037674
1.9369762
1.9797764
1.9457998
1.9921348
1.9872084
1.9446195
1.8185513
2.6828797
2.012637
2.0559838
1.9809335
2.0326114
1.9665693
1.8603446
1.9535347
2.1241477
2.0269742
2.1235662
2.0655608
2.0398026
2.0243022
2.02443
1.9696167
2.0112786
2.1109974
1.8768368
1.9174627
2.0418053
1.9826591
1.8884652
1.8986881
1.9769914
1.9585282
1.9851379
2.004664
1.9875278
2.1070457
1.8517278
1.9815781
2.067519
2.013847
2.0208583
2.0859666
2.0728374
2.0109694
2.0115166
1.91961
2.0919247
1.9365793
1.9388397
1.9971292
1.8880599
1.8689916
2.0547173
1.9715658
1.9731896
2.0047584
2.069233
1.8594081
2.0070581
2.0838916
2.1294303
2.007129
1.8617249
1.9858811
1.8735384
1.939771
1.9867594
2.053057
1.8922192
2.127587
1.9680178
2.141218
2.0131357
1.9062773
1.7339363
1.9542958
2.053413
1.8984802
2.0164716
1.8691059
2.0258915
2.0521474
1.9156252
2.0193667
1.9813616
1.9782171
1.8238175
1.9648228
1.9659191
2.104558
1.9765389
2.068815
1.984664
2.0758252
2.0748916
2.0401726
1.7695806
1.9744419
1.8809735
2.0178635
1.9904597
1.762627
2.135632
2.0132143
1.9394314
2.1335273
2.019285
1.9266307
2.0796294
1.936105
1.9735273
1.9279034
2.052574
2.02995
2.0154033
2.0400982
1.945935
1.9807457
1.9663855
2.0768886
1.8754942
1.9741066
2.1344647
2.078463
2.0680845
1.9494387
2.056957
2.0687714
2.108394
1.9945824
1.9811809
1.9951296
2.2500196
1.8886878
1.9824705
2.0203314
2.1466146
2.0071816
2.0354016
1.8796985
2.0904338
1.9627912
1.8722486
2.007502
1.813247
2.0263176
2.0396817
2.0350735
2.8888226
2.098644
1.8135998
1.8604463
1.9044895
1.8925947
1.9902214
1.8492262
2.0932713
2.0843635
2.138064
1.9477394
2.028911
1.975692
1.9284203
1.9241539
2.0097473
2.075214
2.0842376
1.9712366
2.04342
1.8975031
1.9478611
1.9986846
1.955579
1.9457953
2.0248246
2.0241973
1.8598969
2.0456228
1.8078884
2.1485465
2.025896
2.0412993
1.9290663
2.112106
1.8461577
1.9705219
2.1607108
1.9040625
1.9991013
2.0463
2.063313
2.0317464
2.079425
2.0070565
2.0606072
2.0676036
2.0472972
1.9553964
1.8599256
1.969849
1.9765717
1.9067907
2.0947337
1.9978838
1.947273
1.9345573
2.0164878
2.1431305
1.9525735
2.2604654
1.9277506
1.9173275
1.937794
1.9675099
2.1617424
1.9524832
1.9220285
2.036344
2.056887
2.0727386
2.0252948
2.0700688
2.1650379
2.1397996
1.8695997
2.0182903
1.9803911
1.8863338
2.145402
1.8176922
1.9145886
1.8672171
1.9716914
1.8636227
2.0105326
1.8715496
1.9827912
2.0552864
1.9409748
2.0202408
2.052814
2.065565
1.986034
1.9103115
1.8658241
2.0168343
1.960707
1.9600792
1.9034626
2.119763
2.0702891
1.8792446
2.0935893
1.8847859
1.8683226
2.0096345
1.8693024
2.0438473
1.991338
1.9460661
1.9662136
2.1433125
1.8305018
1.7749126
1.9353063
1.6833626
1.9388821
1.8541939
1.898597
2.0723805
1.857284
1.9723076
1.9899204
1.982194
2.1203783
2.0314937
2.0941803
2.080772
2.0046074
2.0262449
2.002247
2.0609875
2.00623
2.0070806
2.0822673
2.0643678
2.0933137
1.8783875
2.034526
1.9456768
2.986092
1.8585947
1.9765259
1.8468544
2.066996
2.0676801
1.8502941
1.9981563
2.080564
1.8748372
1.9927776
1.9758508
2.1317394
2.3480697
2.0884862
2.0572598
2.110981
2.1135821
1.9589027
2.0598989
2.0905879
1.896624
1.7590891
2.0730329
2.0116436
2.0414352
2.0986118
1.8961006
1.9331882
1.9780251
1.8437256
1.9287817
1.7931893
1.8508056
1.9371073
2.0608222
2.0734322
1.9103329
1.8709015
2.054738
1.8892685
2.0317426
1.9388816
1.9834074
1.831678
2.0636754
1.9127848
1.9827114
2.0406177
1.8466564
1.9428632
2.129349
1.9290901
2.1194353
2.0693955
2.1040833
1.9883543
1.9961561
2.013864
1.9734676
2.009129
1.8491051
1.8551114
2.1043344
2.1028113
1.8479989
1.8648396
1.9276062
2.0936823
1.9641831
1.9373949
2.0166633
1.8092501
2.0390015
1.9877399
1.8521229
2.0172203
2.0068192
1.8511387
1.99422
1.8714082
1.9835103
1.9798164
2.0220122
1.8079507
2.0584102
2.0660145
1.9800686
1.8986695
1.9512829
2.0367763
1.8721201
2.1069803
1.7966516
2.1882386
1.7840822
1.9104738
1.9042702
1.9913257
1.9846089
2.0415049
1.8612149
2.1423912
2.044881
1.9817908
2.0600853
2.159593
1.9461864
2.0718825
2.0464184
2.008902
1.9514439
1.8961725
2.1004004
2.087534
1.8136475
1.9961126
1.9506546
1.8713894
2.006246
2.0857832
1.8065948
2.0171485
2.0478985
2.0083506
1.9670101
1.9875698
1.9025799
1.992042
1.960067
2.0213234
1.961581
1.7973182
1.9721372
1.9994711
2.0306354
2.011353
2.0827165
2.0045056
2.079771
1.8646259
1.9533165
3.003846
1.9840443
2.1242466
2.0518446
2.0860362
1.7973919
1.9601942
2.072209
1.8719862
1.8971045
2.0473788
2.0133266
1.9773382
1.9378817
2.066361
2.022447
2.005487
2.0512173
1.927304
1.911781
2.0621748
2.0603328
2.0700374
2.0206025
1.9902643
1.9263544
2.124102
2.0269802
1.8825815
2.003488
2.0406048
2.026146
1.9824419
1.9959013
1.9609306
2.009657
1.9171995
2.0747955
1.7872276
2.0316424
2.0759091
2.0858006
2.0591915
2.0999782
1.9068323
2.0379677
2.0115736
2.0331235
1.9487457
2.1324363
2.0914443
1.9861654
1.9829528
1.9610525
1.9370207
2.017733
1.8632958
2.0535245
1.9145333
1.8668683
2.0453916
1.8840961
2.0300708
2.096606
1.9737049
1.9493732
2.0439692
2.039978
2.028872
1.8723294
2.109134
2.1413739
2.174743
2.036196
2.0182204
1.9602735
2.1130776
1.8950717
1.9976151
2.1565802
2.106848
1.901815
1.9604458
1.8954424
2.021138
2.0199058
1.8930422
2.004644
1.9191723
2.0188026
2.0537236
2.120607
1.8440654
1.8906072
2.0089786
1.9653862
2.0313015
2.1476781
1.9899585
2.1053195
2.1386826
2.0847752
2.0891197
2.0340495
2.1838515
1.9779279
2.007238
2.0389218
2.0805821
2.0410104
2.064494
2.0106452
2.0367382
1.8116801
1.9715395
2.054009
2.0087667
2.200127
1.988561
1.9741981
1.9260695
1.9580936
1.9636558
2.0335479
2.0238137
2.0714974
2.0401304
1.9181423
2.2277539
1.8761129
1.9568403
1.8440285
1.9679514
1.9159218
1.9486196
1.8549112
1.8919166
1.9743059
2.00828
1.932832
1.8500903
2.0610518
2.914904
1.8984089
1.9107602
1.8766565
2.0488536
2.0144992
2.0217023
1.8385057
2.1144252
1.9967654
2.1775978
1.9527124
1.8930881
1.9665439
2.0128217
2.0117104
1.9631453
2.012609
1.9820538
1.944093
2.0031493
1.9636351
2.0950627
2.1899903
1.8981836
1.8873355
1.7831995
1.9615448
2.013469
1.88605
1.9995859
1.9843361
1.8789393
2.091292
1.9945828
2.0434546
2.075992
1.9954433
2.041628
2.1927202
2.0336423
2.069657
1.8396199
1.9534143
1.9094508
2.0699143
1.9056613
1.9056784
1.8878218
2.001269
1.9941432
2.0424724
2.0256505
2.1878774
1.9563656
1.8865368
1.855128
1.9961344
2.0003386
2.0866444
1.985677
1.9189265
2.067823
2.1402178
1.8524259
1.9544876
2.0085647
2.055014
1.9181478
2.0117908
1.9900892
1.8974845
2.058671
1.9533333
2.1082833
1.9375019
1.9362354
2.0182462
2.0236197
1.9361966
2.0136797
2.09894
2.034441
1.9021139
1.9697348
2.0584931
2.0953813
1.9776008
1.8548548
2.0676618
1.6767933
1.7510595
1.9891212
2.0552723
1.9471619
2.0027823
1.9925724
2.1050591
2.0250735
2.0137985
1.9714782
1.8983291
2.0158036
1.8841431
2.0942385
1.9961507
1.8785198
2.129651
2.0083904
2.0170445
1.9969013
2.0656295
1.8212942
2.0176282
2.0601757
2.134959
1.9422243
2.0636563
2.0339155
1.9971774
2.031025
2.0665174
2.147314
2.1552978
2.1808639
2.0212731
2.046843
2.1842856
1.9883276
1.9577919
2.253862
2.0055535
2.1203716
1.8993905
2.0410104
2.097615
1.9753777
1.8354523
1.9979851
1.9968824
2.0767817
1.9938118
2.937368
2.0071478
1.8843234
1.9866288
1.9095455
1.9129059
2.0207193
1.8023586
2.1422257
1.8495979
1.8457941
1.9511734
2.0317376
1.899338
2.0645747
2.0135975
2.060115
2.0747871
2.1207137
1.9659516
1.8892597
2.0505588
2.0432668
1.8617365
1.9573538
1.9665003
2.0609727
1.9018219
1.9382169
1.986968
2.1629093
1.9282067
2.0229433
1.9864181
1.9310267
2.0505188
1.9564636
2.045145
1.9933262
1.8706402
1.9145432
1.9202328
2.024659
2.0365772
1.8645086
1.9849081
2.098027
1.992659
2.0925927
2.0606568
1.869746
1.89044
1.9219043
1.8752397
2.1654243
2.1821623
2.1216435
1.7858051
2.1045556
1.8624232
2.1121883
2.0281625
1.8603201
1.9329488
1.8730364
1.8147278
2.1408815
2.0343184
1.8626884
1.9970001
1.9562056
2.1573343
2.1000419
2.1116562
2.1102042
2.087153
1.860857
2.0416427
2.0537148
2.0494673
1.8926884
1.9509008
2.0124736
2.0163968
2.0049243
1.9701458
1.9566685
1.9900672
1.960585
1.9958866
1.9227728
1.9300369
1.8803457
2.0480852
2.0306919
2.0377758
1.9202297
2.0791764
2.1426125
1.9384466
1.8463261
2.0026956
1.9784107
2.0408504
1.9202888
1.8443482
2.0338106
1.9982628
2.090814
1.7496113
1.9055475
2.0511262
2.048748
2.1028528
1.9214815
1.7635193
2.0107322
1.8786833
1.9027792
2.0625403
2.0598233
2.1017358
2.2457259
2.1005855
2.0590544
1.8516638
1.9578632
2.0401669
1.8503704
2.122616
1.9154637
1.9016716
2.1302955
2.205336
1.9057217
1.9961296
2.114737
2.0112681
1.9774872
1.9441662
1.8897663
2.016251
3.07234
1.8511925
2.0039535
2.0280468
2.0213711
2.1536436
1.995579
2.0986657
2.0216422
2.0521746
2.1358154
1.9436438
2.0656822
2.0143864
1.9309555
2.058617
1.9795153
1.9153963
2.0515654
2.0744877
1.824797
1.8628588
1.8965015
2.0443225
2.0437164
2.1100476
1.8766892
1.9354174
2.0649629
1.9387375
2.0104508
2.0878484
2.0923753
1.9525938
1.9412616
1.8765911
1.9225063
2.0662103
2.020644
2.023127
2.0555902
2.1087086
1.9771074
1.9780447
1.9908863
1.9142144
2.088969
2.0720336
1.983025
1.9052916
1.9576216
1.8579925
2.0126576
2.0275
2.0145354
2.057773
2.0600572
2.0334234
1.9104187
2.0695927
2.0718937
1.9734993
2.090451
2.1177456
1.845906
2.0345867
1.9100811
1.8611736
1.9109951
2.1151972
1.9186013
2.158114
2.013623
2.0128677
2.1724534
2.0109024
1.8295923
2.0819626
1.9999422
2.0352979
1.9112924
1.9896139
2.1807952
2.1273673
2.1104617
1.957421
1.9896103
2.0060875
1.9785118
2.0797467
2.0755131
2.0776153
2.108115
1.8687254
2.0280786
1.98915
1.9933045
1.9202588
2.1663647
2.017273
2.046218
2.0232706
1.855108
2.0215366
1.91134
1.9082997
2.129515
2.0664632
2.031239
1.9581871
2.0314653
2.0900393
1.942181
2.184811
1.9434369
2.0132575
2.0721154
1.9761807
1.9510295
1.9106977
2.1150658
1.9796016
2.0402722
1.9761893
2.0218482
1.9863427
1.9826664
1.9658585
2.1296036
2.0141757
1.9534857
1.860022
1.9690787
2.0803604
2.1112666
2.0353334
1.9839046
2.1185691
2.0484421
1.9489129
2.0300179
1.8695961
2.9504166
1.9741749
2.086658
1.9989951
1.9753968
2.133577
2.0935516
2.0375767
1.9255022
1.9020542
1.9689
1.9964393
2.0199308
2.03336
1.9343166
1.9662533
1.8752213
2.0571084
1.9674056
2.036115
2.0167232
1.9935061
1.9326099
2.1694436
1.932695
1.9884012
1.9164314
2.020458
1.9778941
1.9985445
1.9460942
2.0538914
2.047382
2.1568246
1.9288199
1.9296525
2.1700172
2.0494647
2.0823991
1.8864673
2.0462146
1.9763715
1.9307594
2.0059307
2.0358558
1.8619373
2.1278043
1.829376
2.1450334
2.0377831
1.8392115
2.0848866
2.25276
1.9977105
1.9087121
1.9835497
1.9274276
1.9920652
1.9042702
2.0128675
1.939043
2.0350356
2.048654
2.0982215
2.1400392
1.9160172
2.1367152
1.9319798
1.819288
1.9963138
2.1352866
2.010282
1.9924024
1.9625257
2.0235703
1.8493707
2.10099
1.9911181
2.0113983
2.0111303
2.0169935
2.0045218
1.8992428
2.016162
2.0876298
2.0321589
1.9556627
1.8787119
2.0550091
2.1843557
2.0724406
2.0845413
1.8834877
1.9425541
1.9255733
1.9568994
2.023577
1.9304794
1.8866425
1.9672518
2.1242461
1.8837554
1.8208507
1.8708102
1.8565029
1.8847103
1.9787624
1.8441359
1.9994789
1.874593
1.9176013
1.9965366
2.3266273
1.9358685
1.9298267
1.920207
2.0129786
1.9522667
2.1169803
1.8664856
2.0562441
2.0924308
2.0642605
2.1092286
1.8421452
1.9712044
2.0090423
1.9758911
2.0008664
1.8862495
1.9728258
1.901185
2.058737
2.014236
1.9875523
1.9676201
2.1556575
1.937043
1.7675455
2.0632305
1.9939371
2.1671455
3.0470273
2.0755496
2.055431
1.9795561
1.9587685
1.9926443
1.8876541
1.9197533
2.0812044
2.0180924
1.9931195
1.9272277
1.9802706
2.056525
2.0038304
1.993459
1.954504
2.0737984
1.9627005
1.8687923
1.9840765
1.9497726
1.9849942
2.086073
1.9849775
1.8800014
2.047375
1.9280653
2.0035768
2.1010356
1.9912236
2.0684736
1.9653132
2.087489
1.7798007
1.8332303
1.9766651
2.1318386
1.994606
1.9548041
1.8974876
1.8552926
2.0771809
2.075929
2.094044
1.8935757
2.0540364
1.9871439
1.8928993
2.0596976
1.8640978
1.9553607
2.0704777
2.1165557
2.0715442
1.9940859
2.0121303
1.9504465
1.8139852
1.9228054
2.1846719
1.9429972
1.9582074
2.060616
2.2676015
1.9877514
2.062014
2.1362422
1.8888004
2.053907
1.9489708
2.0955565
1.8683628
2.0321946
2.1104133
2.1421652
1.994878
2.0057628
2.0864644
2.1266646
2.033941
1.9087021
2.025862
2.0984402
2.2127311
2.1150959
2.057714
2.054893
2.1240702
1.9193865
1.8395512
1.997549
2.0884674
1.9328806
1.8777424
2.081938
2.041588
1.8845917
1.875727
1.8347518
1.9648834
1.8646911
2.0431895
2.0358324
1.9694872
2.1176667
1.9503319
1.9119707
1.8078015
2.0645144
1.913768
1.8234804
1.9213291
2.103304
2.0965197
1.8715451
2.0390854
1.9294508
2.1039162
2.0413694
1.9854252
2.0466285
1.9194467
1.9368461
2.0035996
1.931819
2.098293
1.87826
2.0037715
2.0258045
1.9307445
1.9329538
2.0630672
2.0237842
1.9306462
1.9213692
1.8903103
2.002294
2.0496225
1.9691719
2.042139
1.9254189
