9.903543
3.9000144
3.340472
3.0851352
3.0478036
2.9579568
2.9758258
3.1941504
3.0096807
2.8303008
2.7712867
2.6599786
2.7237258
2.7893548
2.630383
2.2729354
2.5888088
2.8133705
2.6589847
2.6567025
2.3704731
2.6898134
2.6185296
2.5118637
2.4711044
2.536594
2.652341
2.7162611
2.604769
2.5555453
2.4963422
2.340755
2.4077048
2.6319413
2.5483587
2.4765487
2.5574353
2.522142
2.25447
2.5071876
2.3483183
2.4719265
2.1504674
2.5034957
2.4839904
2.4948988
2.5986893
2.5929961
2.5016515
2.573805
2.412654
2.4791245
2.3962715
2.4546123
2.2150772
2.4148426
2.472088
2.483131
2.5005407
2.4133208
2.513548
2.4452262
2.2578497
2.5832226
2.384565
2.3454466
2.4668498
2.4765522
2.3156571
2.5376995
2.505816
2.221776
2.4982805
2.328359
2.5124145
2.3028383
2.4375174
2.502882
2.511622
2.3480392
2.4942393
2.3417592
2.2568564
2.305438
2.398353
2.5220854
2.3057125
2.3230925
2.2903636
2.2887092
2.3975406
2.433352
2.285878
2.3312025
2.1360385
2.452454
2.3136935
2.3256264
2.4646053
2.3621323
2.32443
2.3290164
2.435101
2.2897573
2.265131
2.2462337
2.2300024
2.1102538
2.327812
2.2765973
2.3436224
2.5075743
2.097732
2.3110147
2.3279476
2.2217805
2.1534002
2.3491163
2.4308898
2.2231889
2.405904
2.3175347
2.3412073
2.3751
2.3222454
2.257139
2.4696245
2.2230408
2.231822
2.285099
2.533957
2.3589485
2.4011862
2.3162746
2.3433635
2.316028
2.2657235
2.250886
2.143674
2.3266537
2.4975429
2.3875504
3.9753292
2.295195
2.350846
2.3985333
2.4689567
2.2867455
2.3644989
2.2375894
2.176811
2.3239102
2.2303348
2.229557
2.2261205
2.3997643
2.3003144
2.1137736
2.3565319
2.3767705
2.147151
2.3855186
2.258358
2.2909489
2.3291414
2.186741
2.1632707
2.2303603
2.2511287
2.111364
2.1841826
2.2081506
2.4570816
2.2947116
2.3233178
2.3046882
2.2283735
2.2795448
2.2636056
2.343883
2.1311638
2.049664
2.3977349
2.1797125
2.3006904
2.3101194
2.2749681
2.1455934
2.1809335
2.2680097
2.2991862
2.2972054
2.044708
2.225799
2.3960114
2.3110263
2.3558502
2.333168
2.3717666
2.2200928
2.3289843
2.390007
2.3159473
2.1273756
2.174533
2.1501834
2.329456
2.3870413
2.1601791
2.318353
2.2338436
2.3510094
2.0562565
2.2684524
2.3393176
2.226662
2.2909079
2.40079
2.299003
2.1399164
2.1856678
2.2771587
2.075376
2.2934444
2.2156112
2.2051296
2.217323
2.4339206
2.2392917
2.1746182
2.2238069
2.355431
2.3916147
2.2307916
2.0911005
2.3369782
2.1283498
2.217842
2.1600995
2.3748083
2.2981572
2.3720467
2.1080658
2.0598245
2.2195358
2.236092
2.3470254
2.1479247
2.2646403
2.348991
2.3260024
2.287343
2.1779778
2.2705073
2.4048102
2.4435194
2.2441883
2.4199207
2.18367
2.2016654
2.3269281
2.1968465
2.276534
2.1812067
2.2982745
2.2376084
2.2335727
2.3099513
2.2738476
2.2161875
2.3029933
2.257541
2.1336038
2.302855
2.5320244
2.2644935
2.2998545
2.3379536
2.3371348
2.2512095
2.2437463
2.2928023
2.3100197
2.2519221
3.556804
2.3104587
2.157988
2.3363366
2.3351712
2.3068557
2.366261
2.300941
2.1515377
2.322978
2.1917748
2.2275207
2.2751725
2.2160141
2.153922
2.1758819
2.136769
2.1714334
2.194605
2.349566
2.3553867
2.3011565
2.3693542
2.1118608
2.2359946
2.0488174
2.214486
2.2189236
2.2072716
2.1961222
2.1538608
2.2461
2.249678
2.1752872
2.1709185
2.14457
2.2860188
2.2104862
2.3215933
2.288802
2.3550909
2.1939237
2.3146222
2.067679
2.280028
2.1170945
2.2075572
2.2769177
2.130931
2.0480216
2.291184
2.1697974
2.516561
2.2309053
2.1831555
2.1442304
2.295847
2.236353
2.0411649
2.4746509
2.2284265
2.2422805
2.1564898
2.1895854
2.1219888
2.2873318
2.1761193
2.4093482
2.1872482
2.1348138
2.2956812
2.3454523
2.2187517
2.2687573
2.1737294
2.219823
2.3103812
2.3452601
2.2181754
2.3491158
2.1419928
2.172192
2.3065012
2.1081605
2.0510812
2.311733
2.1557648
2.060992
2.3948455
2.1492326
2.2036643
2.4463804
2.333797
2.3277974
2.179334
2.1586087
2.3091893
2.2636962
2.1737986
2.2524562
2.2492194
2.1055644
2.2518196
2.1866918
2.0985901
2.1730409
2.2337317
2.2416945
2.1516793
2.048669
2.2681892
2.3843005
2.1491654
2.1583657
2.1022592
2.0464299
2.2726092
2.131528
2.2110362
2.1728053
2.2742844
2.2655196
2.1801891
2.2986495
2.265904
2.0970466
2.156119
2.2956853
2.2051961
2.3439872
2.2370427
2.351956
2.0485492
2.2415135
2.3527699
2.2462704
2.3233168
2.3515258
2.3137822
2.3256536
2.1301894
2.1576648
3.6003776
2.2240887
2.1441598
2.1522136
2.234567
2.2286139
2.021065
2.275104
2.2799094
2.446717
2.260229
2.2671747
2.0579958
2.2615309
2.1782641
2.2097762
2.3337152
2.3548198
2.08058
2.30615
2.310384
2.23169
2.3063707
2.1426873
2.1536915
2.264168
2.1782575
2.247643
2.1606233
2.3051996
2.3164177
2.3234458
2.1048703
2.0955944
2.2532241
2.0908957
2.37489
2.1487746
2.1299691
2.3005462
2.2534912
2.1963983
2.2679448
2.1214538
2.303267
2.3264663
2.2146518
2.2608583
2.283876
2.2870927
2.5218692
2.3638682
2.197434
2.3309522
2.1979299
2.285605
2.2976775
2.18008
2.2637727
2.369895
2.2646694
2.206006
2.1442764
2.3088472
2.3350477
2.0639389
2.2289824
2.3889542
2.259888
2.1600735
2.339723
2.2683794
2.2774775
2.2846234
2.2268937
2.271998
2.097773
2.1587777
2.2801814
2.173741
2.1896987
2.1721997
2.0742261
2.2508883
2.393886
2.227563
2.0909162
2.253933
2.1710072
2.4138734
2.1564736
2.3841476
2.1459122
2.2841535
2.260449
2.3217824
2.202415
2.223298
2.1916602
2.2372336
2.3105242
2.3362772
2.1887338
2.0991504
2.2324142
2.2882817
2.3502622
2.0504363
2.055491
2.2813077
2.4144006
1.9211241
2.3268542
2.2859027
2.2810555
2.3839984
2.328982
2.0751529
2.2226014
2.242302
2.564505
2.4112258
2.2042313
2.153147
2.1169777
2.1792355
2.3197057
2.0562682
2.1609726
2.1534042
2.3172894
2.399629
2.1899347
2.1819868
2.3325255
2.2195187
2.2132714
2.1848886
2.1820354
2.322752
2.024476
2.1612456
4.1995974
2.1460972
2.2112381
2.2257817
2.1367087
2.3125205
2.0808873
2.2475677
2.5592542
2.266852
2.1919203
2.323506
2.1046505
2.0778089
2.3509831
2.311434
2.046172
2.1852162
2.1555753
2.6709638
2.1876538
2.2458706
2.167445
2.2785535
2.224947
2.3289714
2.155805
2.2744722
2.1523173
2.3487449
2.2217505
2.194059
2.0621262
2.3943694
2.267012
2.2421966
2.2842803
2.1840794
2.328875
2.1970677
2.1917243
2.2371144
2.2595577
2.1915674
2.1985407
2.1203508
2.2177773
2.21849
2.1178033
2.2219734
2.111245
2.1368465
2.2485957
2.2350786
2.2583323
2.1323028
2.2217178
2.0491803
2.406783
2.3643363
2.1672814
2.190819
2.0378716
2.228595
2.1494615
2.2842574
2.1140187
2.2386093
2.0917263
2.235046
2.3170564
2.183934
2.1708496
2.3613553
2.2608762
2.1458764
2.242316
2.1446571
2.0492969
2.1131864
2.293532
2.2467651
2.1574368
2.128622
2.0668287
2.363148
2.2709532
2.2676606
2.165472
2.1590486
2.3003495
2.169939
2.180801
2.0695517
2.2151968
2.0974865
2.1784616
2.204503
2.4263482
2.0999737
2.2728832
2.236289
2.1260636
2.3020196
2.2058086
2.293077
2.2814746
2.2388875
2.1963086
2.106525
2.2109327
2.1798186
2.1066515
2.2910912
2.183602
2.2245784
2.1750379
2.3753846
1.9835899
2.380814
2.3811944
2.3324206
2.431587
2.136345
2.2385035
2.3247628
2.19895
2.0739057
2.1755471
2.3343678
2.3163753
2.1618733
2.3065991
2.318842
2.2590437
2.329648
2.2835708
2.2698627
2.198576
2.0984654
2.2666657
2.3273978
3.9759324
2.209335
2.2596695
2.0883586
2.1474273
2.2216146
2.2631707
2.1392365
2.268927
2.2943077
1.982653
2.3829494
2.3863654
2.1953254
2.4231734
2.271786
2.2931771
2.0770404
2.1267288
2.3909516
2.2675977
2.318059
2.1261513
2.1782968
2.0816264
2.2034755
2.3205075
2.172578
2.2618413
2.2782197
2.1624722
2.1840518
2.2256253
2.3866594
2.3162713
2.4612274
2.0770357
2.189862
2.3322654
2.2535307
2.337935
2.2460854
2.3230515
2.1455383
2.2642744
2.3060532
2.2002463
2.3612378
2.2328873
2.192276
2.1184163
2.182438
2.2334807
2.2944837
2.3499157
2.2401204
2.1941118
2.0673153
2.1233456
2.119594
2.2851992
2.361874
2.1888702
2.3880446
2.0201843
2.1375158
2.3849354
2.266296
2.2635179
2.1423016
2.022739
2.242521
2.3197494
2.0771413
2.2131896
2.0421615
2.2952564
2.2676299
2.3734965
2.2206323
2.3803928
2.4279795
2.110072
2.1923852
2.3002925
2.2229505
2.344294
2.1871676
2.1990533
2.5073693
1.901405
2.2306497
2.2717407
2.242143
2.013887
2.258508
2.1148648
2.2618754
2.2151313
2.2164364
2.2523675
2.3233087
2.2307363
2.3136895
2.2566106
2.1842127
2.1038578
2.2840981
2.2668004
2.3600929
2.0919776
2.012972
2.2489629
2.2646773
2.250484
2.267793
2.2339163
2.1334777
2.3977525
2.2885962
2.1388624
2.2894406
2.254774
2.2989166
2.2060003
2.2450986
2.150655
2.1043515
2.1504774
2.220617
2.3187225
2.2651849
2.2478452
2.1824088
2.1624417
2.3196476
2.2477164
2.357511
2.2418232
2.2552295
2.370036
2.3587358
5.345878
2.2095032
2.2312427
2.3819532
2.0607817
2.1679742
2.1662078
2.0691428
2.163533
2.0482728
2.3374333
2.1704264
2.5428965
2.1823297
2.2807364
2.1698775
2.2486312
2.296436
2.2412639
2.2487924
2.2873626
2.2218935
2.3252482
2.1854026
2.2252178
2.2863853
2.0664792
2.2389462
2.2588325
2.316762
2.1222813
2.09271
2.2354956
2.1431608
2.2479277
2.3231852
2.3095725
2.349543
2.1399803
2.162806
2.158788
2.210315
2.3429854
2.1938648
2.014735
2.2701056
2.5183854
2.2305596
2.0841222
2.1202788
2.2157264
2.265699
2.311401
2.196151
2.148784
2.3224373
2.239283
2.2654943
2.3156617
2.083756
2.171823
2.3418128
2.2387671
2.3950284
2.2044864
2.3055973
2.2381914
2.128746
2.133183
2.163035
2.1361632
2.055875
2.1794498
2.162227
2.13098
1.978802
2.3120217
2.2329206
2.2971942
2.3164964
2.2854009
2.4072433
2.3531394
2.4228678
2.253409
2.21473
2.1428857
2.2058334
2.2567356
2.278614
2.163218
2.1366198
2.2026114
2.3156464
2.1873715
2.3664489
2.1035514
2.376801
2.2142704
2.2663422
2.2942784
2.1608913
2.3689713
2.4246695
2.336398
2.3163688
2.30022
2.080842
2.3240683
2.1327565
2.1989932
2.0346775
2.3938143
2.2226791
2.304887
2.2288878
2.1739178
2.0992856
2.2463975
1.9155505
2.1580062
2.1916547
2.3236916
2.0730846
2.100315
2.3499012
2.1532333
2.322092
2.2226818
2.1663883
2.1741347
2.185915
2.1251674
2.2455633
2.2456996
2.1098983
2.295518
2.4065433
2.257959
2.1551902
2.3642652
2.0848868
4.305867
2.2758493
2.3029342
2.1352153
2.140153
2.1661057
2.4317932
2.1809711
2.2434435
2.241645
2.126257
2.3174634
2.2664175
2.2205606
2.093367
2.309689
2.1926725
2.1280677
2.313749
2.2796614
2.1772575
2.1847584
2.203364
2.031995
2.1940155
2.2220273
2.161324
2.172913
2.1532838
2.0887785
2.5920737
2.2608635
2.1595116
2.2324557
2.121149
2.2834332
2.1772068
2.0668516
2.1628022
2.1979225
2.3910294
2.2462578
2.1522496
2.2747674
2.347403
2.1593359
2.3007853
2.2487147
2.3578997
2.2372499
2.285237
2.1265674
2.0704937
2.2169778
2.2557628
2.425192
2.037948
2.293222
2.151039
2.054718
2.1335356
2.3672233
2.3661075
2.1880012
2.196033
2.2906742
2.143454
2.2273273
2.3068976
2.213125
2.153301
2.080838
2.301165
2.2358763
2.2511897
2.172998
2.1717894
2.2571938
2.403543
2.2380624
2.35697
2.3754919
2.186158
2.078123
2.318525
2.301395
2.196957
2.2206025
2.082108
2.182795
2.2524858
2.0915837
2.2901638
2.2946897
2.3766398
2.0495906
2.0950027
2.1252158
2.1731951
2.1777647
2.2415748
2.126271
2.2181182
2.1555197
2.162558
2.3030152
2.2624042
2.3483477
2.3275328
2.1589813
1.937013
2.2351046
2.229641
2.2496848
2.251101
2.2426963
2.245887
2.2843494
2.3861153
2.2938073
2.2556415
2.1763012
2.1426759
2.275663
2.2587755
2.1834168
2.1979897
2.0986161
2.1428864
2.3145545
2.2030854
2.2777164
2.0965374
2.1741757
2.1844323
2.2998998
2.2845275
2.3031821
2.4046526
2.0645528
2.36577
2.1928644
3.5436196
2.1620739
2.2869916
2.170874
2.1719956
2.1776736
2.1555572
2.092153
2.1813102
2.3404102
2.228188
2.3147264
2.098106
2.0798748
2.377193
2.116086
2.230701
2.3708198
2.2093778
2.1617334
2.1244807
2.2956579
2.2817483
2.283923
2.1704152
2.099281
2.2608266
2.0945106
2.311568
2.1732438
2.1224222
2.254869
2.2607708
2.4083753
2.34768
2.4281297
2.1966813
2.0925517
2.3385925
2.2384133
2.2362647
2.2640183
2.1020007
2.141807
2.241831
2.412322
2.3423345
2.254356
2.053331
2.2107408
2.4712472
2.081069
2.286087
2.187733
2.219416
2.1876316
2.3900647
2.2894292
2.2504516
2.1275594
2.2935126
2.2333717
2.1736908
2.2800355
2.4008727
2.126711
2.280064
2.043025
2.2136176
2.1363401
2.1129978
2.1580586
2.2795343
2.186874
2.5666966
2.1285033
2.297426
2.03579
2.315936
2.235604
2.3345118
2.103407
2.2752728
2.3472698
2.3446536
2.2280755
2.1462467
2.1398797
2.1812162
2.304108
2.0972924
2.2293916
2.1020896
2.264101
2.1563983
2.2903056
1.9695572
2.1595404
2.0968847
2.1769724
2.2592852
2.2725205
2.3066466
2.1668344
2.2008805
2.0549042
2.2277539
2.2024133
2.0459297
1.9845574
2.252141
2.2821763
2.3193135
2.1378398
2.087496
2.1605067
2.0732093
2.1456075
2.118963
2.23865
2.128109
2.2269104
2.294272
2.3035164
2.3037198
2.0288455
1.9853208
2.4268942
2.2567856
2.214353
2.2252579
2.2255166
2.2436786
2.3791006
2.4569879
2.1792364
2.130548
2.1778848
2.2375953
2.0998912
2.0894594
2.1181219
4.0454473
2.3100584
2.3170967
2.3595316
2.1445947
2.2452226
2.2568884
2.0431387
2.4378226
2.1617203
2.3497293
2.2835953
2.170369
2.4787638
2.1394355
2.2621684
2.3156643
2.176365
2.1517203
2.134161
2.161192
2.1641517
2.256267
2.1844158
2.1795955
2.303422
2.1966915
2.1655667
2.2062728
2.1402512
2.3753378
2.3514698
2.1376178
2.117935
2.2973695
2.253034
2.0221584
2.1393967
2.328016
2.1772108
2.2244859
2.1204462
2.3106346
2.2284315
2.135097
2.3277392
2.2508411
2.4972591
2.2724576
2.2257562
2.1470766
2.2097285
2.1634054
2.147649
2.17173
2.270427
2.0721488
2.5773342
2.3066878
2.2994418
2.2504115
2.164455
2.3402886
1.9605137
2.260193
2.2214675
2.2033687
2.1576202
2.2525995
2.2312427
2.0601265
2.1711314
2.2253387
2.0267596
2.2179072
2.1295266
2.2094657
2.2690034
2.322272
2.2668962
2.125596
2.0674357
2.2703047
2.478172
2.2181785
2.2683659
2.2820017
2.104441
2.2378156
2.1203454
2.2111268
2.1859965
2.2798138
1.9841757
2.1374238
2.1886356
2.313602
2.2161155
2.2019544
2.2169108
2.2443805
2.3072338
2.1148772
2.0812962
2.117125
2.1649425
2.4344735
2.0818295
2.1323295
2.1960678
2.0521836
2.1944296
2.444596
2.1950655
2.1785164
2.0919795
2.2944186
2.0954335
2.1969068
2.160326
2.3922415
2.1336045
1.9205736
2.125876
2.190932
2.04557
2.2545786
2.125589
2.0136487
2.3552175
2.1622663
2.087508
2.1766906
2.1403491
2.2430804
2.1987662
2.0889194
2.3276558
2.157241
2.210236
2.1462681
2.5177941
3.4566453
2.3199298
2.2780852
2.0626962
2.2106614
2.2561474
2.190065
2.1511893
2.3402228
1.9932172
2.0891452
2.0623055
2.2317803
2.2072632
2.2055335
2.1614003
2.2352455
2.0986252
2.0615115
2.1303802
2.0539355
2.0723097
2.329196
2.2900615
2.166734
2.2524102
2.1602142
2.0898795
2.2855425
2.170465
2.1803272
2.0070689
2.3501115
2.2243156
2.1674485
2.3335137
2.271367
2.2572742
2.1869135
2.0672765
2.268374
2.139254
2.3665788
2.3130238
2.3118858
2.1449466
2.140662
2.246888
2.261636
2.2317653
2.4140155
2.1556668
2.2346463
2.2070682
2.292748
2.2372594
2.1250434
2.2821612
2.312271
2.1806576
2.1565254
2.3258047
2.211522
2.3228705
2.2371347
2.3279922
2.0378523
2.133823
2.0888455
2.2408965
2.0328279
2.107969
2.1500251
2.2784753
2.2078183
2.290885
2.0557268
2.2383466
2.0855618
2.1467328
2.16955
2.04537
2.2357821
2.2645493
2.2003202
2.1416507
2.218944
2.287802
2.2530067
2.3314998
2.35809
2.2222152
2.269678
2.1812968
2.1885269
2.2652876
2.1649704
2.296724
2.1624413
2.2173018
2.1487377
2.1760056
2.3217545
2.2195408
2.0915563
2.1213415
2.3916314
2.1560137
2.3118527
2.2641017
2.1545136
2.219797
2.1262608
2.2884834
2.3127854
2.260669
2.3099394
1.9849625
2.2243512
2.1113868
2.1943328
2.2166734
2.1974087
2.1446679
2.2598946
1.948073
2.3505478
2.0877852
2.108424
2.263023
2.0530722
2.3011043
2.3696167
2.2681947
2.1894765
2.3620486
2.1595058
2.1936138
2.2237217
2.2449296
2.2771082
2.3016288
3.5231655
2.1960475
2.4030523
2.2771587
2.1616545
2.489584
2.187056
2.2519343
2.3152394
2.3919039
2.1947708
2.2341638
2.3357701
2.2146046
3.5328586
2.2094877
2.3160355
2.2015166
2.1122012
2.1119354
2.2089663
2.3508303
2.3497398
2.272143
2.18246
2.2606273
2.2030902
1.949907
2.2076983
2.2169807
2.3977685
2.172931
2.2510962
2.2189605
2.239307
2.3084464
2.434278
2.291379
2.2167058
2.1901972
2.2804713
2.123034
2.200353
2.2834923
2.3388896
2.2532477
2.0390203
2.4660795
2.395321
2.250658
2.3256464
2.5662122
2.1553903
2.173551
2.415984
2.0944307
2.298347
2.327659
2.1155207
2.3497148
2.247537
2.2030652
2.4435294
2.1966758
2.2148244
2.1359138
2.1223438
2.3064337
2.1913433
2.275579
2.3394897
2.135422
2.4031906
2.1235955
2.3531003
2.3361466
2.1296895
2.0962055
2.2308924
2.231571
2.2876658
2.2538614
2.2561963
2.4017224
2.264222
2.1502123
2.3921304
2.30689
2.221762
2.135437
2.110755
2.1918216
2.2757397
2.1624985
1.9937496
2.0842984
2.3038533
2.3921187
2.2038727
2.2816815
2.1865726
2.1728096
2.258349
2.3081162
2.281456
2.3481457
2.5045311
2.110872
2.092524
2.3193967
2.3709407
2.1138866
2.3838124
1.9907472
2.3797865
2.1712906
2.2925613
2.2587116
2.0438943
2.3144152
2.2195811
2.1739295
2.2844553
2.1884065
2.3316712
2.3237078
2.2601492
2.1441395
2.1808093
2.2291474
2.2345943
2.198134
2.3024726
2.2900195
2.1303468
2.3273206
2.0409665
2.207772
2.2988775
2.3605092
2.4010203
2.290029
3.2325974
2.260635
2.141817
2.1192842
2.1950154
2.0693412
2.2372108
2.1855898
2.0867982
2.2882137
2.2086139
2.2829087
2.2034605
2.3134382
2.1405406
2.2753854
2.2076087
2.0957386
2.143657
2.250451
2.4106786
2.2957704
2.3281085
2.4537787
2.1747785
2.1297326
2.2003465
2.3291178
2.1130097
2.2924232
2.129221
2.1708412
2.1958306
1.9224708
2.2400515
2.095928
2.1422067
2.14685
2.3125768
2.2458181
2.172687
2.1725717
2.237015
2.3002396
2.2089417
2.4137886
2.1792784
2.166225
2.130211
2.2313712
2.2100434
2.2974496
2.1656747
2.1493723
2.0468926
2.0918643
2.2410257
2.0518188
2.1184573
2.3786397
2.1526437
2.2410278
2.289761
2.2636807
2.1349115
2.2805808
2.2035487
2.1999876
2.0096977
2.3744857
2.3476577
2.2692084
2.350166
2.0447354
2.2052627
2.3048387
2.161281
2.2945545
2.1242394
2.2846913
2.3834538
2.3825138
2.1199071
2.2253451
2.1127174
2.2754908
2.2343078
2.1702929
2.2193472
2.3551831
2.3567052
2.3247094
2.2124104
2.1415107
2.3034096
2.3137608
2.384095
2.3053126
2.2325857
2.087503
2.4010978
2.221616
2.2110531
2.2205248
2.2885149
2.154955
2.1883125
2.1096816
2.2412865
2.1364322
2.3111386
2.2476332
2.3931737
2.3010104
2.2032936
2.2972288
2.4393718
2.1548438
2.289431
2.2049475
2.1997907
2.247804
2.1843631
2.265819
2.376498
2.2841573
2.3855858
2.0622098
2.4007428
2.1430285
2.112931
2.2173698
2.1189768
2.1692557
2.3166318
2.3480186
2.253361
2.2046077
2.09217
2.0444427
2.0777483
2.173488
3.0204213
2.1829662
2.2674913
2.1263375
2.278342
2.3166273
2.2135227
2.4395213
2.363878
2.312029
2.1752496
2.1217427
2.3038826
2.1995845
2.3431268
2.058599
2.0888145
2.383141
2.1189506
2.2331474
2.2791095
2.2167258
2.2190673
2.2303853
2.0916436
2.4624
2.1187794
2.2066073
2.095306
2.383503
2.295235
2.0184214
2.2682207
2.3820643
2.346468
2.3788962
2.200558
2.1581845
2.1780019
2.1353972
2.2504284
2.3985171
2.3753748
2.1710556
2.2051907
2.216095
2.1405694
2.1829598
2.211337
2.1076787
2.1130471
2.2674012
2.306554
2.2403557
2.221827
2.1550136
2.2964551
2.1762557
2.1693614
2.1953034
2.1503801
2.2594082
2.3184845
2.128991
2.282971
2.125753
2.1727014
2.4071898
2.1756368
2.2038617
2.2392898
2.4124522
2.3355231
2.0505512
2.2313704
2.3676827
2.2063963
2.2655618
2.3791442
2.0435746
2.1711411
2.2407334
2.2498045
2.2591333
2.3289254
2.2148857
2.3266463
2.2989497
2.2179618
2.241988
2.2422264
2.328341
2.0474348
2.2268047
2.0582645
2.1409783
2.089563
2.3158536
2.197982
2.3690627
2.0822918
2.1219342
2.2853937
2.2682624
2.1226172
2.2644296
2.209772
2.0079567
2.0928984
2.2197978
2.2377203
2.2680268
2.2334661
2.3131833
2.0830994
2.1646392
2.37002
2.2033105
2.240588
2.3622031
2.1616158
2.1827765
2.2647672
2.0996735
2.1361356
2.24548
2.2157948
2.3312871
2.2758927
2.174449
2.4851644
2.0968308
2.1919854
2.363453
2.2299745
2.1527958
2.3139968
2.1606956
2.1173778
2.3007345
2.2896984
2.275188
3.116227
2.202443
2.2371316
2.1889281
2.3082356
2.1069837
2.2529042
2.2054658
1.9737418
2.3744967
2.3319392
2.0533648
2.343378
2.3015113
2.2575667
2.283773
2.2420795
2.348958
2.1110258
2.1448936
2.365397
2.487718
2.2244186
2.2803109
2.1975226
2.2661788
2.106959
2.2181268
2.2790105
2.3551736
2.2364306
2.1519976
2.3940377
2.1838734
2.2978086
2.230387
2.1712887
2.1774645
2.1850216
2.1789372
2.312685
2.024203
2.2254162
2.1367106
2.1354911
2.459748
2.3120131
2.0361814
2.2485557
2.5006766
2.098107
2.0534866
2.1770263
2.1466625
2.3097024
2.2023761
2.3415236
2.3026414
2.393428
2.4203808
2.347644
2.126325
2.1630638
2.2865567
2.259201
2.2128944
2.2829325
2.0940855
2.4402897
2.2529805
2.3112473
2.2407084
2.2118702
2.2107882
2.3335476
2.0794976
2.1810446
2.2525167
2.5119157
1.9819679
2.215077
2.3325682
2.3388634
2.1797652
2.258961
2.372487
2.165552
2.0965066
2.1693542
2.2569358
2.1360183
2.3178742
2.420752
2.1900353
2.0226808
2.1700318
2.4858384
2.3274379
2.3515296
2.4030297
2.1383069
2.4134705
2.3260016
2.2271004
2.1067362
2.1618595
2.2049992
2.3032022
2.1925507
2.1472545
2.2925158
2.3285334
2.394987
2.3937092
2.0677
2.1436083
2.342366
2.340487
2.2104096
2.2086718
2.237566
2.1131682
2.2298143
2.2291627
2.24099
2.392556
2.2059848
2.1716144
2.096675
2.3583837
2.1706703
2.2891424
2.1538525
2.1788049
2.1725678
2.2584603
2.095561
2.1629627
2.2142491
2.2919858
2.2493322
2.1990504
3.2951152
2.344405
2.1931777
2.2927177
2.263597
2.0642786
2.2438297
2.1596959
2.1434598
2.1911955
2.1665666
2.2483616
2.323266
2.1836963
2.2292747
2.1256647
2.259542
2.2311635
2.23633
2.175295
2.2232232
2.0937297
2.2804875
2.4193084
2.2093916
2.6578593
2.3411157
2.272009
2.1533592
2.2509432
2.1262836
2.139429
2.297418
2.115996
2.3032117
2.240857
2.1876388
2.2299786
2.1331756
2.347353
2.0506473
2.2780054
2.274224
2.1406271
2.2373013
2.1943893
2.194202
2.2649279
2.150143
2.1993995
2.3003962
2.2525363
2.2120492
2.2039359
2.2854514
2.345943
2.1128767
2.0516512
2.3140824
2.3017063
2.4030385
2.2078078
2.1871743
2.2230031
2.2525735
2.1716561
2.0656009
1.9940838
2.3619015
2.2322943
2.1578631
2.2391346
2.0289576
2.1394095
2.2706826
2.3295748
2.2887378
2.250372
2.016343
2.221605
2.18718
2.1568513
2.1533332
2.2318695
2.2099142
2.2845678
2.167729
2.122905
2.1268272
2.2123172
2.2906647
2.1926904
2.1976762
2.071815
2.282546
2.361995
2.2035587
2.323566
1.9992208
2.2950869
2.1169572
2.261685
2.4489589
2.2595716
2.169834
2.047981
2.1740937
2.1633942
2.3511968
2.2066774
2.320335
2.1779935
2.3733315
2.2750106
2.317869
2.1882043
2.1485553
2.2277462
2.1649427
2.2422254
2.1341817
2.232598
2.1059296
2.222694
2.3142962
2.0070903
2.119089
2.0428507
2.2922785
2.4257216
2.3156142
2.403757
2.1682007
2.4078615
2.4771905
2.2237387
2.160228
2.3066235
1.9830917
2.18752
2.1869292
2.1626172
3.2466984
2.1456664
2.4593556
2.1448886
2.2033212
2.160067
2.3026087
2.3413591
2.196633
2.2405689
2.099018
2.1493018
2.0774167
2.2650402
2.0503638
2.2764344
2.271801
2.1849003
2.3226733
2.0162838
2.3354268
2.2198277
2.3295984
2.1041825
2.2121563
2.3912883
2.0030138
2.104809
2.2072186
2.150515
2.1765704
2.2265198
2.2549486
2.0945466
2.3965273
2.2068346
2.413353
2.1760015
2.026447
2.160817
2.1650066
2.205459
2.1900983
2.2129416
2.2104306
2.2026823
2.2051597
2.2481682
2.1100414
2.268141
2.3691945
2.1814046
2.2181544
2.2891278
2.2849464
2.2607381
2.2275538
2.2626002
2.0761218
2.2290933
2.1313405
2.269074
2.2206376
2.2265654
2.2339952
2.3000934
2.0189972
2.194065
2.1076384
2.0744298
2.255344
2.2827294
2.0694168
2.211715
2.390977
2.0330553
1.9932811
2.1657033
2.127442
2.435723
2.197765
2.1127021
2.2056515
2.5233538
2.3760514
2.209119
2.1698928
2.221089
2.3335152
2.4741836
2.1101568
2.2885563
2.2260354
2.3890076
2.2843826
2.0325558
2.0941339
2.0782526
2.2120023
2.4274724
2.2517936
2.0391874
2.2269816
2.1326995
2.2327182
2.142291
2.308126
2.3964684
2.194356
2.2210019
2.1663957
2.205402
2.2638335
2.1863108
2.3726535
2.1462026
2.247538
2.1471696
2.1466765
2.1891441
2.223766
2.3363335
2.1476088
2.1314077
2.3329444
2.2544
2.345164
2.2592225
2.046705
2.2145586
2.3012176
2.4889684
2.297851
2.1792057
2.3033502
2.1438808
2.3629518
2.1607509
2.1103234
2.1306539
2.1586645
2.3539643
4.133439
2.1656938
2.3076587
2.298287
2.33143
2.1983726
2.0799842
2.375008
2.3878043
2.338842
2.3195941
2.3237119
2.2361054
2.2563143
2.3347747
2.1724086
2.1112692
2.290022
2.1661427
2.4734845
2.270095
2.0117254
2.331778
2.3865864
2.400724
2.1426513
2.2052004
2.2854283
2.087211
2.2793055
2.2556682
2.279696
2.2698421
2.2299354
2.2831829
2.2179646
2.0708318
2.1005168
2.3288875
2.3116548
2.43314
2.0978785
2.012704
2.1889508
2.2289486
2.3032677
2.3739495
2.3222775
1.9814532
2.2157977
2.3054142
2.2268627
2.279324
2.1861534
2.184558
2.2224987
2.3322945
2.146651
2.1573856
2.1719072
2.3372302
2.2014632
2.16369
2.166884
2.2886524
2.2941403
2.1495166
2.2095268
2.299271
2.185058
2.1095974
2.2678137
2.1841612
2.1910584
2.1570015
2.2408662
2.2933357
2.2122715
2.1204808
2.247247
2.1079776
2.2039502
2.2812772
2.273543
2.358507
2.2098584
2.1883311
2.2744486
2.3056617
2.3424401
2.2604473
2.3823168
2.237665
2.308015
2.2435243
2.0763237
2.1374526
2.2266505
2.2087626
2.489461
2.2015693
2.0933857
2.3134336
2.0761964
2.1529999
2.254185
2.2578092
2.207034
2.2852716
2.2243834
2.0866435
2.0881565
2.1380227
2.2968378
2.3155994
2.3715522
2.4317658
2.236888
2.0831828
2.2258842
2.1090913
2.4425087
2.5125995
2.1190746
2.1484206
2.143619
2.1858237
2.1598709
2.2315161
2.3207028
2.1970987
2.2033718
2.2762852
2.3931007
2.1116498
2.1762605
2.2706885
2.1045895
2.33792
2.162025
2.222141
2.381776
2.7135172
2.1852078
2.2886734
2.127706
1.9898325
2.4231417
2.1722226
2.1772053
2.1826682
2.3158937
2.256977
2.339664
2.1848276
2.0765748
2.1770642
2.2442534
2.4212103
2.211801
2.0721085
2.242788
2.3154263
2.2950895
2.3473155
2.213099
2.382417
2.217507
2.2733605
2.4139128
2.2301679
2.260488
2.274201
2.1145108
2.2680643
2.1020377
2.4500275
2.3043978
2.2869174
2.4211712
2.2190495
2.4115534
2.2494602
2.129282
2.2661686
2.1293247
2.0938501
2.1997008
2.32259
2.235917
2.1623788
2.2006092
2.0583193
2.367055
2.2945392
2.2882676
2.0394247
2.1051164
2.1964736
2.3002288
1.9721689
2.2988768
2.4240155
2.3218508
2.149316
2.3470056
2.3542054
2.1496692
2.1211674
2.1192403
2.282519
2.2948585
2.277618
2.2814128
2.273403
2.08962
2.2402453
2.042338
2.0870147
2.1333025
2.1203806
2.2141714
2.0686147
2.2341943
2.2277095
2.114032
2.3068092
2.2415917
2.2552068
2.2470632
2.4121113
2.0090408
2.1726618
2.1887317
2.3746061
2.4367874
2.0944083
2.2222412
2.1535592
2.3834825
2.421752
2.2085264
2.101088
2.20741
2.2936993
2.081956
1.9958754
2.1099772
2.479303
2.2586904
2.11227
2.189846
2.2395298
2.319561
2.4046557
2.0993724
2.4810328
2.1487586
2.4271777
2.264802
2.1475425
2.038036
2.270304
2.382993
2.2014081
2.16959
2.3875382
2.301613
2.335249
2.0833197
2.1437771
1.9745529
2.1060503
2.23731
2.166676
2.152017
2.2157094
2.340734
2.4819264
2.2896447
2.3594494
2.1615658
2.2851157
2.197024
2.5432708
2.195053
2.126326
2.1371734
2.3183217
2.099806
2.2034714
2.2443025
2.1308594
2.2587602
2.2785292
2.0312438
2.1389725
2.1812072
2.1327226
2.184013
2.198515
2.3642857
2.1961036
2.243682
2.147878
2.3287117
2.271109
2.2641616
2.1715524
2.3740284
2.3310199
2.2816246
2.1424346
2.080949
2.2759738
2.4026031
2.4630735
2.42274
2.2629266
2.1874447
2.1944394
2.1601403
2.3410463
2.1578498
2.1987872
2.0681872
2.3707633
2.2406676
2.2609982
2.156385
2.3309264
2.3071294
2.108009
1.9873434
2.2764525
2.3279395
2.4453566
2.2051415
2.4339824
2.1483574
2.3057082
2.0178435
2.1424565
2.2839038
2.196425
2.1905005
2.402224
2.2654717
2.2573943
2.4205158
2.3009336
2.1322112
2.2480075
2.1651146
2.1918578
2.287917
2.0924387
2.2706475
2.1495645
2.1856742
2.157247
2.19797
2.2306266
2.1605113
2.1932054
2.1362646
2.4305196
2.2528486
2.2121258
2.354286
2.3100414
2.2415485
2.185547
2.3097103
2.2391515
2.2743387
2.3899684
2.2274694
2.439788
2.233148
2.2996454
2.1363664
2.1593232
2.2544968
2.3130198
2.3450074
2.1784863
2.273317
2.21858
2.0941746
2.1174884
2.2208383
2.2819047
2.2474055
2.1882598
2.3764691
2.329045
2.1357043
2.1032546
2.1095815
2.0907547
2.2935514
2.1656604
2.1918838
2.1633375
2.2979417
2.1329293
2.2738795
2.2518623
2.2615027
2.2690601
2.1798034
2.2499413
2.209969
2.2251327
2.297497
2.076173
2.230321
2.293838
2.1693187
2.3135164
2.3453307
2.2687135
2.0635152
2.295398
2.396545
3.3919854
2.002252
2.172358
2.2317216
2.2076356
2.0813966
2.3325312
2.3053155
2.1859844
2.4207993
2.2123587
2.311179
2.291451
2.3543332
2.091193
2.1963515
2.3935523
2.161782
2.2549424
2.5779822
2.4027321
2.1859384
2.3387077
2.2982721
2.2123377
2.3587391
2.1245232
2.1943405
2.2534738
2.1215117
2.082457
2.362347
2.2737536
2.1227243
2.025604
2.1938453
2.2732038
2.2694051
2.1406987
2.2430937
2.1947887
2.4663496
2.303701
2.3262792
2.1919553
2.164812
2.2774012
2.1331336
2.2156835
2.2217011
2.104114
2.0686092
2.2427733
2.236629
2.3624167
2.2074704
2.1572042
2.1673987
2.4033318
2.2167587
2.3139951
2.248211
2.0071366
2.2903023
2.1903212
2.3773293
2.125494
2.0132678
2.2836533
2.2501917
2.3739753
2.183142
2.1580815
2.227776
2.495254
2.4374766
2.3281095
2.2889857
2.2145135
2.3748007
2.2928233
2.0707402
2.2728155
2.157973
2.42524
2.0512779
2.3455305
2.3054473
2.3767323
2.3423014
2.1497662
2.11973
2.1389859
2.279578
2.3353934
2.2898247
2.2159343
2.3658898
2.1294188
2.3050556
2.069515
2.2184222
2.121657
2.2198381
2.0838923
2.2200465
2.372744
1.9889807
2.2526832
2.530675
2.3976758
2.3157544
2.4305568
2.1977854
2.2635138
2.0471897
2.3203518
2.3336678
2.2010117
2.3216882
2.2229018
2.1603198
2.2344127
2.2137928
2.0897746
2.196752
2.2953286
2.264104
2.206756
2.2111735
2.3248138
2.4059944
2.1512437
2.3198369
2.329243
2.3059182
2.2820907
2.1612353
2.095763
2.0416527
2.2727392
2.125298
3.0209324
2.1319494
1.980122
2.2990236
2.2633746
2.207421
2.2248363
2.1418576
2.051681
2.1319652
2.1580493
2.1811888
2.2300706
2.320353
2.2600467
2.1059246
1.9946575
2.1924787
2.2117398
2.0052242
2.344832
2.3038337
1.9742867
2.1585221
2.0441818
2.4147613
2.3590765
2.4102902
2.1165674
2.2881398
2.065062
2.3223195
2.2523303
2.224799
2.154553
2.0537086
2.2164457
2.2605736
2.1022553
2.228268
2.2489696
2.4115386
2.1684327
2.2139258
2.2483807
2.3371596
2.2037537
2.3171716
2.3164887
2.3051307
2.2259228
2.0764637
2.2135527
2.3332064
2.1091557
2.2856116
2.3237154
2.218813
2.2552257
2.2096279
2.5423026
2.3192267
2.208623
2.2579627
2.2094903
2.120665
2.2797122
2.3257027
2.320746
2.091013
2.1467104
2.1166835
2.3139224
2.303102
2.1445994
2.2387373
2.3736672
2.209909
2.2429423
2.286606
2.203935
2.3314939
2.3274858
2.1836712
2.3099768
2.1737094
2.2434764
2.2792802
2.4104881
2.2748382
2.195959
2.2388525
2.2443938
2.4329839
2.3115284
2.4107594
2.1520448
2.3324957
2.1076713
2.1246924
2.2711353
2.283685
2.1967847
2.1754093
2.2117019
2.248445
2.1373267
2.197572
2.344747
2.1570158
2.4057057
2.2716544
2.156671
2.257788
2.2137842
2.1913593
2.2446952
2.403728
2.2905412
2.0713558
2.354817
2.164947
2.2021508
2.2002885
2.1628518
2.1040277
2.3238904
2.1544049
2.3788621
2.191237
2.1592631
2.1393323
2.0701234
2.1984801
2.2658334
2.0782318
2.2635424
1.9964523
2.1594462
2.157188
2.4137423
2.2421854
2.2226353
2.237741
2.566305
2.3943079
2.1619608
2.261003
2.067247
2.3343735
2.2534692
2.513186
2.2582011
2.2052765
2.4339025
2.2169423
2.1646729
2.2456632
2.2963982
2.2754695
2.2788885
2.1275017
2.138648
2.1508183
2.21651
2.398772
2.2189138
2.30733
2.3615093
2.320481
2.2729383
2.2076383
2.118299
2.1529546
2.3179374
2.3553379
2.1190376
2.1770327
2.3476577
2.155905
2.262245
2.2024586
2.1901748
2.3216052
2.2195218
2.048936
2.295052
2.3548095
2.1254628
2.1974638
2.242438
2.3119473
2.488793
2.385578
2.4248264
2.2796311
2.3939095
2.3232245
2.1291802
2.2482748
2.3253126
2.1114852
1.9909003
1.9194953
2.3723178
1.9976778
2.3250108
2.3751948
2.160122
2.1500738
2.123667
2.2824988
2.2391903
2.0310187
2.065646
2.1653402
2.1767697
2.238428
2.241563
2.2498674
2.3849926
2.3075166
2.3183098
2.378643
2.1569734
2.2542393
2.2452586
2.1496987
2.2676315
2.2525516
2.3758764
2.202417
2.1781354
2.1181674
2.1686318
2.1261082
2.1438193
2.3563905
2.3315332
2.26287
2.205633
2.2323556
2.3309054
2.3656247
2.1533275
2.2191687
2.3676934
2.3477283
2.1942153
2.1595767
2.1618555
2.149065
2.5092978
2.1748078
2.1392448
2.4774194
2.136088
2.2290266
2.226625
2.0980499
2.2673495
2.2248693
2.2457144
2.2212646
2.1757455
2.1089168
2.2564223
2.2261877
2.2007437
2.262505
2.3367133
2.2918508
2.340037
2.2433438
2.3269548
2.1090643
2.2517164
2.0827663
1.991039
2.345385
2.3756979
2.3516722
2.1208582
2.2037816
2.5116065
2.337202
2.1343396
2.2547517
2.275473
2.2591016
2.418384
2.1651244
2.2958713
2.3443608
2.311781
2.2332191
2.153718
2.1005883
2.258944
2.4073567
2.2538257
2.0791745
2.3514924
2.125116
2.2263927
2.1201134
2.1680558
2.2124593
2.1950607
2.2043908
1.9557159
2.230226
2.1803098
2.216188
2.3722448
2.168652
2.1983016
2.1222434
2.2011342
2.012434
2.257054
2.2308998
2.4601417
2.403807
2.319867
2.205531
2.2744582
2.0984073
2.2032819
2.2807589
2.275571
2.1534514
2.349667
2.2966285
2.338923
2.2756734
2.1985023
2.509251
2.4852169
2.1582096
2.2089434
2.1182175
2.1586022
2.2844462
2.2205577
2.2262633
2.152028
2.1539245
2.2169416
2.3310552
2.2585258
2.1151896
2.398048
1.9851443
2.396973
2.267096
2.2837071
2.4499888
2.101693
2.2600486
2.3038266
2.3021986
2.1755135
2.2782521
2.109193
2.2733452
2.1307364
2.1380324
2.196409
2.0188375
2.4432025
2.185351
2.4481294
2.2268581
2.128353
2.2954113
2.8867476
2.3754709
2.1595366
2.199743
2.249136
2.2447758
2.1945076
2.1982968
2.1666532
2.1200378
2.2074008
2.2730737
2.2390895
2.1464157
2.448319
2.148643
2.3846986
2.198321
2.1748767
2.2999742
2.09025
2.1822515
2.112175
2.20614
2.396894
2.3250244
2.2803676
2.3823009
2.2946374
2.2793741
2.0204294
2.1677432
2.3310895
2.3164978
2.3561466
2.3433466
2.5256839
2.1488667
2.2989707
2.3036513
2.2021227
2.3249886
2.1878238
2.3685863
2.319685
2.3518212
2.2135851
2.3895092
2.3050175
2.2502148
2.6752362
2.1413255
2.2431152
2.3934727
2.2895741
2.3883147
2.2449803
2.2040389
2.291109
2.239265
2.3705068
2.2112849
2.362584
2.227952
2.2439628
2.2141738
2.255022
2.131167
2.5162427
2.2305126
2.3962283
2.2874255
2.1898122
2.3267894
2.4932063
2.1420674
2.114974
2.3051054
2.2287388
2.311423
2.321609
2.3233492
2.3219273
2.1805387
2.1062703
2.4866118
2.3000438
2.3045838
2.4567354
2.1656225
2.2878091
2.1347454
2.2149289
2.175302
2.2325544
2.2880118
2.2961493
2.119284
2.3233535
2.3156793
2.133243
2.092301
2.2900186
2.2766175
2.1743488
2.1751068
2.2768466
2.0908713
2.2680194
2.2633412
2.2023659
2.1442194
2.14878
2.3327103
2.158776
2.2818732
2.235414
2.383568
2.3565605
2.2097986
2.1581438
2.3536355
2.3608196
2.2321248
2.2896156
2.3580918
2.216118
2.192854
2.257701
2.2926276
2.1582487
2.2478752
2.1404471
2.4196203
2.32559
2.288181
2.3140602
2.234622
2.302918
2.2109728
2.2446942
2.0340462
2.3185997
1.9866905
2.4925377
2.1676078
2.1965232
2.1541038
2.117269
2.428411
2.3033748
2.3054786
2.2245572
2.4020166
2.175036
2.3540635
2.2965348
2.017987
2.3722131
2.3167539
2.0926533
2.2537053
2.2550883
2.1967623
2.134602
2.0923197
2.278049
2.212406
2.2295473
2.2269952
2.002384
2.3577857
2.3259034
2.161669
2.1044452
2.1621532
2.2313313
2.2214882
2.391808
2.212773
2.3723917
2.3688395
2.2587397
2.2268364
2.3803992
2.2645361
2.299747
2.2976317
2.2187753
2.2088883
2.0961425
2.3105483
