9.903533
4.241056
3.6951385
3.2568803
3.0623171
3.0602593
2.7139618
2.7666516
2.622902
2.7060707
2.533462
2.4965518
2.473208
2.392718
2.2659402
2.1579018
2.3740819
2.3735693
2.4364777
2.4777114
2.4593961
2.3630714
2.201074
2.2023964
2.2698808
2.1692424
2.162116
2.183902
2.2820344
2.221361
2.206411
2.1978714
2.0938299
2.2142317
2.215906
2.2130098
2.3030767
2.1308732
2.0682852
2.0852613
2.2676396
2.0115137
2.0923743
2.0063248
2.2151983
2.0760574
2.0631516
2.1170325
2.1583254
2.1826885
2.1381571
2.0211012
2.231217
1.9751788
2.061612
2.1872096
2.1681297
2.052243
1.9424394
1.9733274
2.0819943
2.0192094
2.093397
2.02091
2.0294883
1.9276458
1.981686
2.0304496
2.090866
1.9718575
2.0674918
1.884751
2.0701888
2.1536412
1.9868252
2.0036604
1.9826863
1.9540513
2.089057
2.0071647
2.050195
1.9221972
2.1494944
2.0949295
1.8560387
1.9517108
2.1036289
2.0586812
2.0215425
2.106701
1.9983696
2.0132234
2.0667422
1.9244897
1.9969906
2.1536314
2.0525343
2.002162
1.8767846
2.0216646
1.9268018
2.0675724
2.050535
2.0358634
1.8601449
2.00733
1.9355237
2.0181758
2.005075
2.103968
2.0052767
2.1094966
1.9740664
1.9814605
2.0328336
1.9384362
1.8512329
1.7995464
1.9117836
2.009826
1.7819213
1.9827327
1.9126464
1.9613353
1.9157388
1.8783032
1.8423965
1.9664146
1.8622348
2.079968
1.882224
1.9047412
1.9352257
2.076583
2.051569
1.8180057
2.0444255
1.978433
1.9229553
1.965479
1.8402495
3.6652372
1.9946136
1.9046842
1.9941355
1.7776828
2.1412666
1.9904813
2.0407786
1.7887075
1.9108242
1.9906
1.9650766
1.9897038
1.8822172
1.9327544
1.8072454
1.94087
2.0948386
1.9149861
1.9948848
1.9525583
2.0418153
2.0229354
1.8990091
1.9490799
1.932444
1.8625158
2.0584269
2.0021818
1.9557376
2.0276024
1.8742805
1.838239
1.9206517
1.9244599
1.8094369
1.8846272
1.8737767
1.9498537
1.9290725
1.8570949
2.0362341
2.1025772
1.938353
1.9317553
1.9124869
1.8835647
1.9138567
1.8419654
2.0475633
1.8622917
1.8202068
1.9310629
1.9275049
1.7955106
1.950693
1.855131
1.7623078
1.8641962
1.9825652
1.9629697
1.8713126
1.8535168
1.7675824
1.8129659
1.9046587
1.8809322
1.9102377
1.7533462
1.8080899
2.0390832
1.9853684
1.868841
1.8915707
1.9049333
1.868723
1.934017
1.8912593
1.9237504
1.8111684
1.8408294
1.9487231
1.993138
1.8787647
1.9230294
1.8118452
1.8520306
1.9894006
1.7688874
1.846065
1.9105743
1.9187512
2.0559375
1.9547337
1.8056961
1.9442946
1.8109264
1.8764098
1.89101
1.8492913
1.9605664
1.9301444
1.7660018
2.1025949
1.9843751
1.8055767
1.7716826
1.7612598
1.8651919
1.8097539
1.9158804
1.8478386
1.8809103
1.8391975
1.9402245
1.8100758
1.7884898
1.8760878
1.9017403
1.8181803
1.8648819
2.0201073
1.9931937
1.8590182
1.9239218
1.9149086
1.7632533
1.8348942
1.920063
1.914635
1.8031232
1.8174442
1.6954123
1.8198591
1.9669855
1.8780215
2.0012236
1.8426849
1.8534615
1.7687188
1.8549111
2.8314905
1.9514376
1.6933774
2.0199587
1.8748103
1.7697309
2.1675584
1.8596973
1.9229112
2.062228
1.8628905
1.9361469
1.8411578
1.9409511
1.9091252
1.9533203
1.9386063
2.04116
1.8531917
1.853184
1.8796114
1.8705579
1.8529727
1.8075551
1.9390186
1.7918504
1.8198365
1.8768595
1.8163887
1.9633691
1.9413882
1.8419691
1.849465
1.9774451
1.9077716
1.9049679
1.8853319
1.8935269
1.9485705
1.8487103
1.8380768
1.8191534
1.8303723
1.8563272
1.8115752
1.7674141
1.8691049
1.9310654
1.8528979
1.8871894
1.8813465
1.8282893
1.9672887
1.8986996
1.8056188
1.7655691
1.8258144
1.7766672
1.9156185
1.9395554
1.782446
1.7542757
1.8468491
1.9538795
1.9786202
1.9116023
1.9284537
1.7603152
1.8004031
1.8136253
1.863882
1.772192
1.9583137
2.0488899
1.8106037
1.7524896
1.8810438
1.8514148
1.8714594
1.8433243
1.8839726
1.8014735
1.8982618
1.8087484
1.8512431
1.9637611
1.7902931
1.9020753
1.902147
1.8265891
1.9459676
2.0239813
1.8008996
1.9246074
1.8449824
1.8533307
1.7619358
1.7697979
1.7956239
1.803911
1.9214524
1.7956355
1.9038548
1.9101535
1.9085923
1.7557139
1.7302165
1.8463205
1.828554
1.8911344
1.8783301
1.9877136
2.006022
1.9084162
1.8923839
1.8012823
1.7999234
1.8413769
1.8386579
1.7777648
1.7261956
1.9479947
1.9725877
1.9878595
1.8455349
1.8768325
1.9027007
1.7902496
1.8826146
1.7975997
1.7936416
1.9095522
1.9601624
1.8592008
1.8996178
1.7994425
1.7165964
1.8539767
1.9017854
1.9180862
1.9587566
2.424622
1.8725926
1.7745395
1.9235668
1.7936194
1.8408186
1.6858951
1.9040139
1.7032123
1.8137797
2.000942
1.8636107
1.8460537
1.7256635
1.8474284
1.8875958
1.799929
1.7430606
1.8188857
1.860792
1.7986883
2.0589743
1.8902028
1.9364817
1.7416743
1.7871112
1.8113581
1.7988802
2.0062244
1.889361
1.9083252
1.8494089
1.8134389
1.7716663
1.8846928
1.7505302
2.0690584
1.7395033
1.9536248
1.9021132
1.904825
1.8111631
1.8670284
1.7060573
1.7492105
1.7800211
1.7921788
1.9154693
1.8347598
1.8909668
1.8706104
1.9456806
1.8551847
1.8068767
1.7067904
1.949433
1.9551493
1.7437363
2.0000472
1.8226627
1.8927575
1.8350621
1.7349254
1.748062
1.9079434
1.9232124
1.8870836
1.8247573
1.8062017
1.9099476
1.9776499
1.7665691
1.885135
1.8238653
1.9065944
1.8658222
1.8140485
1.8894602
1.6599528
1.8474375
1.8589134
1.8894831
1.8178586
1.8098277
1.8786807
1.6421827
2.0127378
1.7714009
1.7750438
1.9644732
1.9644208
1.9328684
1.8378899
1.8997122
1.798846
1.8341486
1.8827425
1.8193597
1.7837334
1.7630686
1.8231387
1.7384503
1.9189552
1.824598
1.6986625
1.7727036
1.8268169
1.8712738
1.9319451
1.7142212
1.7515208
1.7734507
1.8611048
1.8242289
1.7984909
1.8705944
1.8131561
1.7855884
1.8401123
1.8673657
1.6665084
1.8238666
1.7029374
1.7952746
1.8620228
1.7631537
1.7296263
1.903788
1.8337862
1.8259959
1.8743346
1.7568812
1.8341972
1.8198923
1.7677917
1.8914651
1.7397537
1.8578194
1.9432479
1.9499193
1.8370776
2.581817
1.7913958
1.9037127
1.719147
1.888001
1.7227725
1.9138018
1.8400135
1.8623608
1.7032393
1.8319196
1.7217153
1.8954103
1.9570765
1.684448
1.9361855
1.8456968
1.8478551
1.7559532
1.8046697
1.8921884
1.8037112
1.952574
1.7771693
1.9022403
1.8358473
1.7958417
1.7353565
1.9285215
1.7341459
1.8078398
1.7933363
1.9524165
1.8477588
1.8141446
1.8137558
1.8917683
2.052719
1.8611263
1.8144951
1.898193
2.0093715
1.9304198
1.8434552
1.8514544
1.7947502
1.9672798
1.8984745
1.8602487
1.846699
1.8099835
1.903293
1.7989182
1.8980333
2.0116394
1.8652313
1.754539
1.8483218
1.9230572
1.8105592
1.9135299
1.854278
1.8850504
1.8634703
1.8065299
1.8389156
1.7886151
1.9318616
1.7103704
1.9150503
1.8409503
1.7733417
1.8373866
1.8113148
1.8712987
1.9139405
1.7692695
1.8129445
1.8171501
1.8151727
1.8228371
1.9652159
1.733582
1.9143653
1.8051246
1.7360827
1.8447903
1.903625
1.6642541
1.6808759
1.8973753
1.8894308
1.7842298
1.7531708
1.8248868
1.8009824
1.9466232
1.8178486
1.9124035
1.7149575
1.7734236
1.7658285
1.8978012
1.9191147
1.8607858
1.8712423
1.7396324
1.7840693
1.8147258
1.8326337
1.7241402
1.800633
1.7829112
1.8984948
1.902632
1.7891344
1.835545
1.788318
1.9084011
1.739428
1.9583373
2.0068455
1.8681369
1.8878859
1.8694822
1.8586744
1.8045452
1.9528103
1.9455103
1.8265828
1.7398041
1.7309284
1.7686914
1.7583773
1.8892926
1.8436991
1.8036591
1.7723763
1.8151364
1.9098917
1.8741019
2.370448
1.8349525
1.7473273
1.8999572
1.8118782
1.88714
1.8604764
1.7565967
1.9108528
1.7759243
1.840286
1.8223754
1.7649642
1.7205508
1.870436
1.9050993
1.809277
1.8239555
1.7235299
1.9870628
1.7600293
1.7759049
1.9119645
1.7418327
1.8515389
1.6204232
1.7673149
1.766418
1.8207837
1.8769923
1.8157897
1.8631161
1.8092828
1.8528048
1.6655307
1.6799481
1.6941624
1.5809934
1.8123729
1.7635643
1.8062186
1.7605929
1.8749168
1.8392005
1.8410031
1.7713094
1.7077603
1.8478462
1.6930889
1.8498118
1.8622943
1.8552268
1.8006904
1.7117432
1.7617729
1.8688323
1.8629787
1.7036804
1.9347132
1.7748847
1.8654639
1.8122352
1.7808484
1.8726901
1.8099514
1.8282225
1.8237994
1.6504989
1.8136386
1.8576747
1.9033473
1.7401754
2.021197
1.715908
1.7966949
1.8528214
1.7471787
1.7900398
1.7277827
1.7203104
1.774059
1.8012346
1.7742234
1.8654401
1.7775671
1.8168262
1.8765754
1.795206
1.8982285
1.7590972
1.7769413
1.769792
1.7798824
1.7260104
1.7893659
1.7201921
1.8628788
1.8210186
1.7487037
1.7922921
1.8894465
1.8742757
1.7191436
1.8120399
1.8440274
1.8419174
1.929441
1.7401642
1.7159857
1.7909311
1.7487121
1.7044854
1.8607503
1.8379163
1.8235575
1.7856263
1.8853962
1.9217871
1.6853777
1.7881837
1.9036592
1.904127
1.7769475
1.8172826
1.9628298
1.8588634
1.7786012
1.8149089
1.8127844
1.8151327
1.8387928
1.7179332
1.7390456
1.7662514
1.8690078
1.9330131
1.9161153
1.7531601
1.9444944
1.8040576
1.729071
2.251433
1.7307006
1.7718407
1.842353
1.7236727
1.8220079
1.8730172
1.7459292
1.8964411
1.9982857
1.785783
1.7331927
1.8263286
1.7881985
1.7387303
1.7836766
1.825413
1.9371178
1.8579985
1.8143414
1.7390475
1.795205
1.840125
1.8390177
1.8070028
1.858175
1.7782029
1.8556823
1.7130102
1.6977913
1.9315985
1.8989819
1.9250977
1.7633522
1.8988729
1.9452418
1.9059798
1.7855871
1.8308269
1.7760866
1.8418854
1.8394694
1.714137
1.758691
1.8731136
1.8176258
1.8198112
1.8782676
1.8150942
1.8778307
1.8036987
1.8005131
1.7923405
1.8502213
1.9236901
1.6505456
1.8456184
1.7746964
1.7521886
1.7385285
1.788118
1.5904506
1.873943
1.7455125
1.8602536
1.7466941
1.7437522
1.8793793
1.8095053
1.5544255
1.8261713
1.8569758
1.7609972
1.822527
1.6606107
1.8203542
1.8166536
1.726231
1.7512873
1.9052424
1.815117
1.7533143
1.7623658
1.9178029
1.9170859
1.8532873
1.8543541
1.7088376
1.7747527
1.7154015
1.7355292
1.8498707
1.8345722
1.737499
1.8350852
1.8495347
1.9570692
1.9163429
1.8554523
1.9437431
1.6566904
1.9119408
1.8637853
1.6414084
1.9521502
1.9152411
1.8906549
1.7985458
1.8918127
1.7845949
1.8045911
2.1093946
1.7104068
1.7263491
1.7175369
1.700175
1.8387065
1.7485192
1.7760471
1.7830129
1.829289
1.8295661
1.8781217
1.7934144
1.7858378
1.7759652
1.7397169
1.8027413
1.7184788
1.9166646
1.7170031
1.8276412
1.8250142
1.7875642
1.8557643
1.9592389
1.8843532
1.9665354
1.7587565
1.8347629
1.8320768
2.395885
1.711201
1.9069111
1.8760453
1.8532081
1.8260833
1.7395452
1.9705632
1.9249423
1.9533408
1.8089201
1.8823879
1.6362398
1.7897923
1.7778603
1.8174375
1.7979926
1.6804501
1.782624
1.8255996
1.8419989
1.7098882
1.7377837
1.818364
1.9042035
1.884196
1.809404
1.8655764
1.5784433
1.7627767
1.8494021
1.7126645
1.837295
1.7547147
1.7126472
1.8392006
1.8775729
1.7343566
1.7532939
1.7804484
1.7023203
1.7672727
1.8932431
1.880413
1.699299
1.8045812
1.7705687
1.8355223
1.8685776
1.7564937
1.7598892
1.8293947
1.756307
1.8311621
1.8800708
1.813401
1.8806591
1.9249898
1.7700272
1.9052498
1.7766565
1.7737299
1.6610837
1.6711615
1.854036
1.7609942
1.8050277
1.6958153
1.8981816
1.8012862
1.7388977
1.7573242
1.8132641
1.7225277
1.7334027
1.7862897
1.831915
1.73568
1.9440109
1.7589803
1.805327
1.8369312
1.7756507
1.7685853
1.7615823
1.7142965
1.83036
1.7872338
1.7441682
1.7127631
1.7189714
1.732758
1.8977512
1.715731
2.008799
1.7679235
1.7723281
1.6860563
1.7505596
1.8006989
1.7117931
1.8307425
1.7191615
1.8295563
1.7442261
1.7375275
1.9177867
1.8024355
1.7170041
1.7954586
1.7652316
1.6809733
1.7881
1.8281809
1.8851274
1.8020644
1.8708936
1.6113641
1.7884316
1.7378331
1.7411733
1.8541621
1.7566113
1.8342656
1.8805716
1.7846835
1.8409878
1.8068681
1.7493695
1.8209419
1.8308773
1.8639342
1.7705634
1.7776929
1.6808298
1.8406174
1.7770065
1.845165
1.8675932
1.719402
1.6463832
2.3506017
1.7849814
1.882658
2.0618622
1.9038136
1.8166473
1.814401
1.8341364
1.6043687
1.8517727
1.8504068
1.8741561
1.936425
1.7879921
1.9128336
1.6895294
1.7457273
1.7884815
1.913482
1.8209013
1.8754822
1.8956184
1.6808612
1.8789865
1.8769897
1.8403867
1.73974
1.8592204
1.7073442
1.8855784
1.8080516
1.9252831
1.7190912
1.9487427
1.7143523
1.7543964
1.7511977
1.9635214
1.6468128
1.8084885
1.8948587
1.7756168
1.9124309
1.8074343
1.8073288
1.8639019
1.8161782
1.9475957
1.8006145
1.8163776
1.8843844
1.7366582
1.8165057
1.7530967
1.8247162
1.8120799
1.7869275
1.6866393
1.9079709
1.851836
1.7527822
1.8533758
1.704543
1.7130181
2.018577
1.8437998
1.947858
1.8131002
1.7282745
1.8901256
1.8114581
1.7668077
1.8002899
1.8297656
1.6381421
1.6856083
1.9350147
1.7223531
1.7755902
1.7768037
1.8868468
1.7553414
1.7525486
1.869918
1.6335334
1.82412
1.7818464
1.6971669
1.8566989
1.7630006
1.7133985
1.7047646
1.8269159
1.8750697
1.8040186
1.7702801
1.7644436
1.779756
1.7837052
1.8101288
1.8045818
1.7049569
1.9061006
1.6998018
1.7369969
1.601609
1.8132598
1.7763975
1.8234146
1.7661138
1.9357766
1.742971
1.7851349
1.7316455
1.6907744
2.0435252
1.7786362
1.8088269
1.7916807
1.8087611
1.754903
1.8590752
1.8094604
1.7147189
1.6410872
1.7741169
1.9289292
1.6512859
1.8026485
1.7759471
1.7592397
1.7731397
1.6708978
1.8009236
1.8592019
1.8355335
1.7664539
1.9548402
1.7791106
1.9136761
1.9041725
2.4150577
1.8839753
1.7362216
1.7068671
1.8135974
1.6970807
1.7806555
1.8313787
1.6905481
1.8050785
1.8365215
1.8002968
1.7985783
1.8847915
1.6774476
1.8317655
1.7852407
1.8200469
1.8484704
1.7705991
1.7062972
1.8150862
1.7475828
1.7568867
1.8769897
1.8651344
1.6888224
1.6714841
1.7551532
1.8655857
1.8506302
1.8084582
1.772441
1.750153
1.746645
1.9120324
1.8234373
1.7050664
1.8360705
1.7258837
1.827652
1.6956449
1.7715175
1.7274284
1.8022424
1.863315
1.6953987
1.7735227
1.929611
1.8086598
1.9934691
1.8278095
1.7942649
1.655005
1.881408
1.77899
1.7187287
1.7297704
1.653778
1.9152561
1.882734
1.7171878
1.7934544
1.7366307
1.8516757
1.7334024
1.813763
1.8072842
1.6593906
1.7739855
1.7011375
1.7096726
1.9619626
1.7937205
1.8100022
1.7717707
1.8784258
1.8296045
1.8899995
1.777793
1.657758
1.8681653
1.8457912
1.898431
1.709131
1.8103335
1.8581777
1.8631842
1.8897603
1.8890864
1.7918328
1.7406554
1.7156974
1.8573067
1.7704759
1.8220677
1.8936077
1.5941104
1.8710691
1.8364309
1.8962919
1.6546546
1.9545834
1.815854
1.9943103
1.8308508
1.821544
1.7263769
1.9165229
1.7137806
1.650025
1.8431371
1.8540072
1.795431
1.7972763
1.7527984
1.7789512
1.8520349
1.8240894
1.736396
1.783592
1.9773982
1.8458939
1.8034804
1.806981
1.8516761
1.7566752
1.8068994
1.8634557
1.8161271
1.8758289
1.7547399
1.6881067
1.7367734
1.8631413
1.7399207
1.8450984
1.8470149
1.7392727
1.7600458
1.8734415
2.3823175
1.8447478
1.7307858
1.8086737
1.8377843
1.7841221
1.899034
1.7482123
1.8282332
1.8960922
1.7103019
1.8075738
1.8460737
1.803222
1.8471049
1.82272
1.8427484
1.69401
1.7966143
1.9073107
1.776925
1.8220063
1.7604128
1.8823903
1.8545879
1.762504
1.6941506
1.9023639
1.8253362
1.8402377
1.8450587
1.9509559
1.7608501
1.7376007
1.637361
1.7830967
1.7937568
1.7964399
1.6446183
1.9192741
1.9033618
1.789963
1.6734322
1.6944698
1.8163897
1.7218112
1.7251804
1.9453567
1.7651057
1.783907
1.7305806
1.7415102
1.8553205
1.7995646
1.7771065
1.8229285
1.8407512
1.8160853
1.8697754
1.6412284
1.8685586
1.7987231
1.6953794
1.7924209
1.818835
1.7116643
1.8031162
1.7732481
1.935769
1.665778
1.7563667
1.9052194
1.8016433
1.869487
1.7499583
1.8925484
1.8591378
1.6894499
1.8640826
1.7510586
1.733023
1.8065565
1.7269374
1.894594
1.8979156
1.8719385
1.8386238
1.878394
1.8310882
1.8228716
1.8056712
1.7438335
1.7471642
1.7301654
1.9450473
1.7433703
1.8227344
1.7845917
1.8156232
1.73359
1.8453922
1.8129407
1.7640469
1.8869594
1.725654
1.7283005
1.9453709
1.9100071
1.787637
1.823202
1.7919374
1.8726609
1.766266
1.7172471
1.8355359
1.7884891
1.9339885
1.856465
1.7624367
1.7811389
1.752819
1.8345635
1.6533921
1.8410574
1.9119873
1.6978322
1.853976
1.7532176
1.8469366
1.7181696
1.7691759
1.7310079
1.662114
1.7300147
1.9212489
1.8295803
1.9181784
1.7642564
1.7630961
1.8734362
1.7346224
2.3943007
1.9346352
1.8322822
1.8211914
1.9572581
1.8840833
1.9787589
1.7498758
1.9098034
1.9194815
1.7627428
1.7190281
1.875117
1.7060226
1.8927948
1.8363817
1.9009471
1.7352301
1.689406
1.963751
1.8933686
1.9262388
1.942025
1.8023067
1.9952687
1.7359589
1.8349955
1.8265488
1.7304654
1.8785335
1.778852
1.6903332
1.772629
1.795753
1.7570738
1.7727288
1.7542242
1.722588
1.7578657
1.7026163
1.7952728
1.7993337
1.7893618
1.8244121
1.767862
1.9117887
1.8749434
1.8429013
1.8301256
1.886952
1.7694138
1.7850882
1.5771586
1.7432525
1.749966
1.9676547
1.6204517
1.7682259
1.9138535
1.8300631
1.8273507
1.655226
1.7512509
1.8688148
1.8205864
1.7581037
1.8290201
1.8817357
1.8453891
1.8050268
1.7704165
1.7837112
1.8399379
1.8908286
1.7903507
1.934199
1.7229307
1.7640196
1.7392347
1.8538259
1.9149915
1.7549349
1.8609618
1.8895957
1.8072473
1.6979885
1.683962
1.8703741
1.6683881
1.7170081
1.7332149
1.871255
1.7645394
1.8672205
1.8683344
1.6649836
1.7853088
1.8494579
1.6997236
1.7810402
1.9291496
1.8556423
1.7906541
1.8827924
1.8118755
1.8123268
1.7710034
1.783953
1.9101176
1.8022316
1.6809227
1.7839519
1.6637942
1.7628114
1.8507667
1.7637825
1.83613
1.7844287
1.8052689
1.8502884
1.8741238
1.8224701
1.7636905
1.8056643
1.6286465
1.7378911
1.853271
1.5805959
1.9026809
1.7681614
1.8083415
1.9203943
1.8558218
1.7796113
1.8260857
1.7123386
1.7293528
1.8075725
1.803425
1.798912
1.9152652
2.4398675
1.8010198
1.7201145
1.8038032
1.6941642
1.8760384
1.6788353
1.8958105
1.7724862
1.7812456
1.8206551
1.7091702
1.8003025
2.0550015
1.7760054
1.8087047
1.8203496
1.7501409
1.827579
1.8077985
1.7049446
1.8456225
1.7972257
1.8264005
1.9527575
1.7771665
1.807794
1.7790926
1.8956707
1.794305
1.8009437
1.8458347
1.9027382
1.8631895
1.7796489
1.7191594
1.903902
1.7013958
1.7994905
2.000047
1.6279123
1.929682
1.6243309
1.7146841
1.9160917
1.8013482
1.9683732
1.7980283
1.8264085
1.9065088
1.8299342
1.7667657
1.7318717
1.8372083
1.7710598
1.8714303
1.7660991
1.848948
1.8650746
1.817567
1.8633606
1.9616082
1.7281641
1.8368587
1.8077682
1.8155209
1.7853678
1.7731484
1.9547192
1.751508
1.7875822
1.6180573
1.7822844
1.6713157
1.807465
1.8426844
1.8830681
1.9005034
1.7965038
1.6915534
1.8502276
1.8542889
1.7399101
1.7943561
1.7760636
1.8140005
1.9190937
1.830398
1.8395884
1.8350637
1.8117841
1.9283869
1.5816617
1.8325257
1.6939414
1.8526046
1.7614973
1.824161
1.6600362
1.7577037
1.739058
1.8269866
1.9544818
1.878337
1.8025429
1.72301
1.8436081
1.7895235
1.8391129
1.8441607
1.7823322
1.893519
1.8084683
1.9709277
1.7439526
1.8519443
1.745688
1.7468566
1.7574822
1.6433809
1.7614404
1.8053554
1.8255941
1.7915741
1.5881689
1.8955426
1.8831
1.6266886
1.9974068
1.7671852
1.936039
1.7240067
1.8612539
1.8384807
1.7380221
1.8919777
1.7312902
1.7572354
1.9477112
1.7024822
1.6451147
2.4528084
1.7540992
1.8795896
1.7978122
1.8139768
1.8384758
1.8688287
1.8191295
1.6547046
1.9169096
1.9004271
1.8997647
2.0150392
1.7407756
1.8987834
1.8736951
1.7098901
1.866713
1.8090739
1.7473414
1.7609808
1.8192565
1.7288072
1.8769131
1.8372915
1.7881473
1.9513745
1.733473
1.807209
1.8168718
1.848792
1.7921668
1.8220761
1.7073524
1.832436
1.7805691
1.8093473
1.8430985
1.6197109
1.7030615
1.6866269
1.7263987
1.8340538
1.7366482
1.7061139
1.8072398
1.7296436
1.7430234
1.7967798
1.7260011
1.6993392
1.7919616
1.7859211
1.6994449
1.5953581
1.764721
1.8827709
1.8083211
1.6162423
1.793117
1.8491075
1.7035416
1.7838318
1.7448411
1.8639148
1.853639
1.8207035
1.7430644
1.8445623
1.7677417
1.7614642
1.7261034
1.831598
1.6461596
1.8373686
1.6900865
1.7409896
1.7969587
1.7445865
1.7497653
1.7721726
1.8513923
1.7806412
1.9072416
1.8135161
1.7167165
1.7886927
1.7297038
1.7226546
1.8315412
1.7521129
1.6608771
1.6526217
1.8595499
1.8812386
1.9028721
1.7364746
1.9343055
1.6564285
1.8569891
1.6050822
1.8768548
1.8693374
1.7785403
1.8492848
1.8557776
1.7799045
1.9191442
1.8388866
1.7595376
1.7833378
1.7049294
1.841618
1.8723859
1.6819903
1.8365548
1.7881907
1.8729459
1.7475352
1.8457092
1.6982015
1.8621612
1.8178564
1.9200598
1.7223455
1.9807327
1.8622986
1.891873
1.774176
1.8914883
1.7927744
1.8890373
1.7502338
1.9567119
1.7592659
1.8917621
1.7774128
1.8677573
1.9391216
1.7347575
1.6964583
2.385633
1.8691707
1.7551402
1.8099192
1.7714792
1.7796671
1.8329282
1.8785995
1.7957591
1.8481945
1.7010262
1.8523854
1.7472281
1.845889
1.8974359
1.7836398
1.9339632
1.7720046
1.7729722
1.6868863
1.8132632
1.7518004
1.9125115
1.8054065
1.807472
1.8604897
1.8427099
1.7841804
1.9352915
1.759687
1.8017104
1.811431
1.8980186
1.8080864
1.7750742
1.8391346
1.6260993
1.7582597
1.7233866
1.8303877
1.7983752
1.8493247
1.7446628
1.7039629
1.7574604
1.8039429
1.8543103
1.7791239
1.8860484
1.8629042
1.8240185
1.7627184
1.6793302
1.9161166
1.8511037
1.6712948
1.8758215
1.7802981
1.6640719
1.7960012
1.8576461
1.773824
1.7787727
1.7902112
1.9342405
1.8123488
1.7188019
1.6805981
1.7728988
1.8621527
1.7790378
1.7941852
1.7302674
1.8095001
1.7714429
1.8854405
1.5751462
1.7790124
1.9449923
1.8485088
1.8685101
1.7301356
1.8192402
1.8133954
1.8566209
2.0281131
1.8692927
1.7348336
1.8809034
1.7775915
1.9415652
1.7703583
1.7372204
1.7757505
1.8079053
1.7949276
1.8195847
1.8193326
1.6775714
1.6819036
1.71262
1.682779
1.7761167
1.8372953
1.6988044
1.7353681
1.865139
1.8535388
1.7776026
1.7213823
1.8239506
1.7304084
1.7803394
1.8086439
1.7080292
1.8036791
1.8101829
1.681936
1.7002529
1.9312192
1.7570989
1.7297543
1.795403
1.7612243
1.8094155
1.8019338
1.7082705
1.7957426
1.7971255
1.7783753
1.7406125
1.7990112
1.697829
1.9026228
1.8021653
1.734216
1.8046031
1.8689647
1.8787029
1.8573995
1.7732223
2.4736378
1.8265513
1.7714037
1.8671806
1.7548176
1.7861348
1.7548201
1.8885988
1.956348
1.8409793
1.769091
1.6690278
1.8375938
1.7675065
1.7591993
1.7696056
1.7426428
1.8073877
1.9346464
1.8945602
1.7762653
1.7309761
1.8163837
1.9039434
1.8818092
1.7309128
1.6897959
1.5697988
1.8024099
1.7362498
1.8565568
1.7937342
1.8547032
1.8337655
1.8466922
1.7885936
1.7233658
1.7583787
1.649607
1.7841179
1.7162913
1.7771552
1.798118
1.8886014
1.7740991
1.8992065
1.6401325
1.7470474
1.9653097
2.0125768
1.7156075
1.8721467
1.7414914
1.8520442
1.8760335
1.9515859
1.7455767
1.7076672
1.8360163
1.6369746
1.8565352
1.7668569
1.8270211
1.7947528
1.7505612
1.8075005
1.8726621
1.854972
1.6929138
1.8973591
1.9167142
1.8026463
1.6920608
1.8315815
1.8721983
1.7269305
1.7918942
1.8475808
1.8292224
1.8268837
1.6903561
1.8453903
1.7788949
1.855913
1.6945997
1.7737249
1.8944064
1.8128463
1.8690012
1.8061006
1.761799
1.6618203
1.8076802
1.7437557
1.8405421
1.7377163
1.8939342
1.8500863
1.7935925
1.8508785
1.7718202
1.8791382
1.8681109
1.7972481
1.8182088
1.8588824
1.7760034
1.7527226
1.670351
1.9065626
1.8370507
1.7517987
1.9569012
1.6785017
1.8207537
1.9481455
1.8840066
1.7137965
1.9105067
1.7271118
1.8349103
1.8031325
1.7706984
1.8269489
1.8172551
1.8236774
1.77581
1.8310481
1.8505783
1.897986
1.8483565
1.8655021
1.7424159
1.7350608
1.703544
1.7777835
1.7393698
1.7640331
1.7530404
1.7753206
1.7948856
2.5827413
1.7877537
1.7797872
1.6457394
1.7202631
1.7083309
1.8168223
1.7457119
1.772629
1.8395503
1.8070732
1.8798531
1.8241494
1.7366917
1.7572417
1.6967919
1.7749741
1.894694
1.7463756
1.841423
1.6552548
1.7716328
1.7849115
1.7474309
1.9201535
1.8533547
1.8728753
1.8809582
1.8420273
1.7250445
1.7411482
1.9284507
1.6651012
1.8135728
1.8215581
1.8061808
1.9089981
1.845092
1.8254673
1.6528846
1.7761233
1.6503733
1.9825412
1.7736346
1.929421
1.8082273
1.8824099
1.807527
1.8425008
1.7166429
1.6623183
1.7383311
1.6233974
1.8377205
1.7954423
1.8219447
1.7092284
1.756236
1.8538309
1.8177488
1.8603921
1.8112087
1.679337
1.6847154
1.7701066
1.773543
1.754313
1.6743047
1.7691121
1.8009565
1.732858
1.7962075
1.7422707
1.8330168
1.8676586
1.8970091
1.8027265
1.8998004
1.8306187
1.7873169
1.8133929
1.8155143
1.6999652
1.8132991
1.8767339
1.7321223
1.7682571
1.7551726
1.802285
1.7864183
1.7456815
1.83784
1.7884332
1.7757708
1.7934092
1.7392557
1.7377325
1.7226372
1.7463927
1.7267444
1.8716388
1.9628775
1.7113823
1.8787868
1.8300469
1.7827386
1.851342
1.8183101
1.8476247
1.8003633
1.8734959
1.7778523
1.7830386
1.8082463
1.8179337
1.9813926
1.871119
1.7142586
1.9011941
1.847147
1.8776468
1.7352957
1.7480812
1.8572279
1.7812607
1.8938034
1.8387034
1.8256859
1.7602305
1.8033696
1.7080722
1.74087
1.874961
1.8723474
1.8271035
1.9165053
1.8179512
1.7105659
1.5642418
1.774183
1.7918961
2.5179296
1.738995
1.8087001
1.6902441
1.7409244
1.7234863
1.7344555
1.9181616
1.7740293
1.7545226
1.7885598
1.8922648
1.8110249
1.7127866
1.72134
1.8692788
1.7208264
1.6949562
1.6897477
1.8334349
1.8376867
1.805902
1.8424218
1.6747729
1.6988083
1.8105204
1.9068745
1.7788813
1.8842736
1.698036
1.791843
1.7151215
1.7739922
1.7113478
1.7176503
1.785197
1.9145122
1.8552693
1.7672334
1.7777743
1.7900563
1.7299975
1.8858477
1.8403761
1.7192044
1.7406538
1.7923483
1.8282304
1.8228166
1.8466918
1.9873224
1.7684554
1.7699264
1.8319033
1.8548282
1.9337268
1.7112621
1.9713707
1.7255021
1.7903146
1.6575295
1.716092
1.9025434
1.820922
1.9262353
1.7475091
1.8053443
1.7851042
1.8845073
1.8637816
1.7808932
1.8767629
1.74058
1.7319736
1.8160754
1.806771
1.8556443
1.9434146
1.7492012
1.7419647
1.8091581
1.8848745
1.8917153
1.6801435
1.7585143
1.8775539
1.8445184
1.8481476
1.8810749
1.8246434
1.8758787
1.8575684
1.8023387
1.925161
1.7203763
1.7124932
1.8060896
1.9276608
1.922778
1.8618226
1.7006507
1.8063552
1.855699
1.712332
1.8294231
1.8246752
1.7682701
1.802164
1.8477263
1.774617
1.7227045
1.7733551
1.8294427
1.7822944
1.8012625
1.7941101
1.8697667
1.8755143
1.8918414
1.7846276
1.8248221
1.8856126
1.806894
1.8084205
1.713737
1.7333047
1.8270724
1.8351413
1.8203844
1.8221202
1.9007573
1.983832
1.799317
1.5943446
1.8468826
1.7000632
1.9283445
1.9078139
1.7667615
1.7779691
1.8413384
2.5568187
1.8062001
1.8630311
1.7877655
1.7205144
1.6407278
1.7773018
1.8159733
1.927584
1.6651337
1.8200452
1.6950117
1.8046856
1.8169981
1.6965442
1.7266976
1.7610117
1.8838693
1.7878808
1.8145937
1.767495
1.6993417
1.7047127
1.7950426
1.8598068
1.8239996
1.8198817
1.7293411
1.5673038
1.7319881
1.8698272
1.7827973
1.8022801
1.8168986
1.7787397
1.7316325
1.8652428
1.8457084
1.7738005
1.7738816
1.8093919
1.8766079
1.7034383
1.8327955
1.7952486
1.7648485
1.7671994
1.8085316
1.884849
1.734264
1.6843847
1.8687634
1.828703
1.937757
1.9503192
1.7868289
1.7360337
1.9010189
1.7019575
1.8389457
1.6749519
1.8403165
1.7465359
1.8911756
1.9352229
1.6816365
1.7589943
1.7317661
1.6906946
1.8137059
1.8200816
1.8074902
1.7254051
1.8030838
1.7264056
1.831762
1.8287324
1.6635674
1.7929631
1.8886358
1.7921522
1.8496379
1.6846477
1.8861153
1.8278878
1.7229817
1.7616048
1.7886243
1.9964468
1.7853391
1.8029177
1.8622626
1.837463
1.6682568
1.7426387
1.7611573
1.8739866
1.8012456
1.8056089
1.7990155
1.9108337
1.7210773
1.7732537
1.9078315
1.9106336
1.6894835
1.9033417
1.8043638
1.7183802
1.7185074
1.6571425
1.8468565
1.8644167
1.793469
1.8199661
1.7186757
1.8506
1.7320467
1.8417728
1.9220163
1.7921649
1.908396
1.9564242
1.719187
1.8302138
1.7748866
1.7276723
1.9082123
1.705776
1.6743399
1.7485986
1.9111081
1.8332646
1.7552873
1.8389797
1.8826581
1.9349161
1.8226067
1.783489
1.6883388
1.7273017
2.6152601
1.9832782
1.8067133
1.7535956
1.7411532
1.9049603
1.7908729
1.7782081
1.8175635
1.8301572
1.7240449
1.7549499
1.7194779
1.7152807
1.8798985
1.8187848
1.8065343
1.876762
1.6829686
1.8217436
1.6485806
1.6957681
1.7404625
1.7856451
1.7990551
1.7660617
1.8841527
1.9445305
1.6629041
1.7570459
1.7843325
1.8157169
1.6845437
1.8036636
1.8625859
1.7122322
1.791157
1.6922858
1.7853603
1.799837
1.6249185
1.9185926
1.852872
1.711007
1.8295405
1.7639656
1.7846837
2.0028007
1.6999576
1.6768527
1.6881123
1.7130337
1.810392
1.8546917
1.7662578
1.8424214
1.6593794
2.049359
1.7471163
1.817128
1.7459161
1.729032
1.9132386
1.7907317
1.7738812
1.7853848
1.7499698
1.7713376
1.7425827
1.7842026
1.8744484
1.7485989
1.730414
1.7688622
1.7475804
1.7367615
1.9187785
1.8276359
1.7747282
1.7930741
1.8107159
1.7075967
1.8263601
1.7941666
1.7876594
1.9949881
1.9596757
1.8380113
1.8726281
1.8366655
1.6579452
1.7990143
1.896751
1.7304245
1.7039979
1.9272255
1.7867323
1.799402
1.6151025
1.7304158
1.8882296
1.8263232
1.6315372
1.7336731
1.7162821
1.9091395
1.8394184
1.7861546
1.6737555
1.6948358
1.7710112
1.7978374
1.7717644
1.7132344
1.8751342
1.7950035
1.8194238
1.7660568
1.8956319
1.8592298
1.8600616
1.8638381
1.7920238
1.9501947
1.7918028
1.6772555
1.7536466
1.7693623
1.9106696
1.791293
1.7955605
1.8646328
1.7241071
1.8750184
1.7614261
1.843416
1.7909385
1.8892151
1.6607742
1.7488621
1.8316675
2.6185334
1.7230071
1.7257197
1.8352263
1.7978776
1.7429796
1.8245543
1.6793125
1.7298449
1.7722385
1.7714587
1.7982156
1.7068176
1.942182
1.768421
1.8544123
1.7745526
1.8954597
1.8756856
1.8019611
1.6444
1.8522105
1.8847619
1.8074093
1.795169
1.848235
1.847564
1.7832978
1.8417197
1.7306559
1.6987176
1.8817798
1.7155279
1.7195152
1.8548421
1.7954221
1.8388628
1.6719035
1.8091706
1.9678838
1.7173179
1.8654573
1.8229597
1.7279779
1.712574
1.696499
1.8313289
1.8858066
1.6594502
1.7632161
1.7319862
1.8086021
1.7703499
1.8026494
1.9151541
1.7725772
1.7011551
1.6761212
1.6877106
1.775359
1.8633347
1.7520775
1.8916944
1.8926927
1.8843989
1.7803198
1.932811
1.7725312
1.8123094
1.8240757
1.8270234
1.7682061
1.8234875
1.8070598
1.7349716
1.808477
1.9054497
1.6640372
1.8458127
1.7138585
1.7569966
1.7905704
1.806285
1.886277
1.915117
1.7919298
1.799177
1.8433595
1.862854
1.8561198
1.7814758
1.8951558
1.7335494
1.6915691
1.8974701
1.8047975
1.8742471
1.8014238
1.693722
1.830462
1.7552751
1.7763102
1.804836
1.8117608
1.6845304
1.6774571
1.8293406
1.745808
1.9194877
1.8162457
1.8371631
1.8820521
1.9135121
1.7581238
1.7222309
1.7069347
1.8060063
1.839018
1.8875798
1.8325812
1.7256057
1.7808812
1.8294635
1.672084
1.8886182
1.8231035
1.7297951
1.7944939
1.799694
1.7908396
1.7616597
1.8106588
1.8146186
1.8563263
1.851764
1.7304353
1.901239
1.7182785
1.7938989
1.764378
1.7922153
2.7605333
1.901162
1.5545617
1.8370731
1.8509027
1.765665
1.6823266
1.8587234
1.644381
1.8046159
1.9269398
1.8542994
1.7175659
1.8565952
1.7242147
1.7422272
1.8418
1.7921919
1.6651342
1.8680797
1.9282613
1.8498616
1.7970825
1.7467128
1.8993382
1.8672181
1.8887441
1.9069927
1.6568011
1.9623675
1.6074333
1.7594975
1.8009366
1.7622141
1.8448042
1.8476101
1.7132922
1.8748782
1.7977809
1.747236
1.8627696
1.6989328
1.8244799
1.6995925
1.8298414
1.6938193
1.7882098
1.699775
1.933621
1.7479622
1.8435738
1.869645
1.7410381
1.8558657
1.7612964
1.8938736
1.5837696
1.8153802
1.8773631
1.7242069
1.8201729
1.8640082
1.7622842
1.8536682
1.6436718
1.7002283
1.8406978
1.6821957
1.767156
1.7701868
1.7610952
1.8568299
1.8937036
1.863962
1.804107
1.6273563
1.7300873
1.6864545
1.8925403
1.8133609
1.8154953
1.9306371
1.7961814
1.6954206
1.7046734
1.7857082
1.6117063
1.7907045
1.6420501
1.7548864
1.7623711
1.7874385
1.7552781
1.6756629
1.7274015
1.7716625
1.9404815
1.8678559
1.7907234
1.7818133
1.7286142
1.8277854
1.6853038
1.8434128
1.832928
1.773828
1.901013
1.916584
1.861592
1.7329999
1.7602773
1.8351057
1.7926506
1.8218758
1.7423033
1.7580893
1.9801692
1.7046605
1.7281138
1.7164121
1.7751058
2.047608
1.7582381
1.8017486
1.7363192
1.6065534
1.7437426
1.693508
1.8111389
1.8021859
1.8426478
1.757875
1.5897586
1.8260963
1.8465216
1.8575437
1.8487605
1.7213111
1.7163192
1.8235686
1.732918
2.6651008
1.7691103
1.7936574
1.8267403
1.922895
1.7526642
1.7344309
1.8124979
1.882887
1.813423
1.8727052
1.8176849
1.740483
1.7604665
1.8297725
1.827862
1.7547462
1.9456149
1.6827267
1.8708489
1.8188947
1.8590876
1.896241
1.8585254
1.8235735
1.7411815
1.8366255
1.7380232
1.7299443
1.81638
1.7448344
1.8089398
1.9272414
1.8250239
1.7969977
1.7094092
1.8100995
1.8218256
1.9618031
1.70921
1.7086222
1.8046124
1.8454578
1.8175931
1.7112311
1.84667
1.7297134
1.8254875
1.83839
1.637448
1.750187
1.7097801
1.8514894
1.8908521
1.8368182
1.7146631
1.8992686
1.6920983
1.851271
1.8744429
1.6702057
1.6894056
1.7941759
1.6905677
1.6994213
1.8309458
1.8893636
1.7321172
1.7455204
1.735286
1.811379
1.7115716
1.7536675
1.8173163
1.7694151
1.8821273
1.8169215
1.7834113
1.8873225
1.8374189
1.8969697
1.7412466
1.7621437
1.7760844
1.8152784
1.593626
1.7004645
1.7129544
1.5976509
1.8460613
1.6699772
1.7345544
1.7738175
1.8637453
1.7814369
1.835308
1.8176348
1.8334361
1.7783531
1.7693061
1.788116
1.8833032
1.7284924
1.8199534
1.9006019
1.7955619
1.8632016
1.679211
1.8422502
1.7883674
1.7128066
1.7770833
1.741752
1.7988333
1.8623155
1.8209367
1.7419509
1.8320739
1.7781771
1.7329297
1.866125
1.8984544
1.7581601
1.7270658
1.7597419
1.93464
1.8398687
1.980699
1.7772437
1.9600157
1.9211301
1.8472
1.7939879
1.8135757
1.8714272
1.8779829
1.8030708
1.7196904
1.8341383
1.7470249
1.8121563
2.7976713
1.7957202
1.8072579
1.6616504
1.8140031
1.7872427
1.8315681
1.6691658
1.6830186
1.90401
1.7784569
1.7533519
1.8540363
1.8952333
1.8573319
1.725317
1.7254174
1.7605674
1.7954257
1.7643293
1.7925706
1.7345245
1.7251275
1.8395264
1.6899182
1.729039
1.800017
1.6783308
1.8611311
1.7805036
1.7077767
1.7197642
1.842643
1.7118239
1.9226168
1.8747863
1.7252502
1.8788265
1.8107301
1.8398184
1.8609669
1.7595913
1.8624206
1.7261316
1.7772944
1.798688
1.8955154
1.9053075
1.8372724
1.7636045
1.7282988
1.7912183
1.7834704
1.6324203
1.8684651
1.7218952
1.7053087
1.7832168
1.736887
1.8567263
1.8121744
1.6618303
1.8647579
1.7809623
1.8332176
1.8274884
1.8260689
1.8181851
1.7368317
1.6788548
1.8370532
1.7517339
1.6560107
1.880632
1.8630741
1.6560105
1.8315057
1.6906942
1.7625941
1.7030884
1.8515872
1.6934134
1.8153113
1.7086864
1.8559638
1.7878187
1.8536549
1.7355075
1.8356326
1.8843763
1.8005099
1.9170457
1.7024916
1.747078
1.7562491
1.8934057
1.7433871
1.8611572
1.7489002
1.6546912
1.8175969
1.7340332
1.6884941
1.895631
1.8279063
1.7272757
1.8227727
1.8816187
1.7702119
1.6874332
1.8514949
1.7074218
1.7519891
1.6489124
2.04971
1.8495544
1.7391869
1.8190287
1.8241624
1.749124
1.900837
1.8176569
1.7479873
1.6926247
1.7339256
1.8535976
1.7280105
1.744589
1.8357028
1.5956924
1.7439654
1.8014144
1.8468393
1.787386
1.7045434
1.9518514
1.6895002
1.8406097
1.700348
1.7983128
1.7429681
2.6524432
1.7931092
1.8383464
1.7834308
1.7616153
1.854699
1.6974144
1.7531036
1.8920418
1.8144935
1.8226525
1.8586009
1.807338
1.7614155
1.9199675
1.9248517
1.9345397
1.6812844
1.8166832
1.7271422
1.7594948
1.8505403
1.8349082
1.8978283
1.9238143
1.8141876
1.7322599
1.7721974
1.731181
1.7703651
1.7632043
1.7848954
1.7768008
1.9222782
1.8145458
1.7098067
1.7589626
1.6459181
1.8250811
1.7780877
1.7125466
1.8856318
1.7150553
1.7391267
1.7168815
1.8004723
1.8191414
1.8720986
1.7235105
1.8398157
1.8111604
1.806002
1.7834414
1.9170475
1.7657015
1.7814082
1.878771
1.809668
1.8010999
1.7989669
1.7387272
1.8911598
1.94953
1.8381686
1.834036
1.8854128
1.7812977
1.7039647
1.6116775
1.7389896
1.8950821
1.747076
1.9770938
1.6999308
1.7588981
1.8666344
1.7399509
1.85837
1.6518451
1.7789742
1.7887685
1.8275646
1.8276848
1.932213
1.824349
1.8222514
1.6875776
1.7850708
1.8386233
1.7279941
1.7060541
1.6800239
1.7522098
1.8904757
1.808485
1.713597
1.7156022
1.8173686
1.9226052
1.9245349
1.7827765
1.7947229
1.760504
1.8547134
1.6375126
1.8139603
1.8000787
1.740773
1.8269289
1.7180244
1.7103912
1.8165361
1.8030496
1.7288101
1.9077379
1.7157952
1.8040125
1.7875098
1.6441549
1.7526141
1.9362605
1.7279624
1.7471795
1.8157872
1.870308
1.8479902
1.8811609
1.6658416
1.7066435
1.7158576
1.6933602
1.8407506
1.741055
1.7655598
1.7498776
1.8228728
1.6985687
1.7635275
1.7114888
1.7628545
1.766
