9.903483
9.903502
9.903494
9.903578
9.903548
4.1123443
3.7500453
3.4520092
3.2144055
3.1806006
3.2158065
2.9755244
3.106421
3.152375
2.8848329
2.8447595
3.0225906
2.9714527
2.6522667
2.7932448
2.7695441
2.774664
2.8793554
2.7175019
2.6991258
2.5990884
2.846071
2.6326966
2.6630843
2.6115108
2.81824
2.661068
2.6368039
2.7836869
2.6405742
2.6716197
2.6475732
2.6069155
2.637275
2.496388
2.5789292
2.5997891
2.3825104
2.424257
2.3523035
2.7678182
2.4732356
2.647185
2.5930402
2.656917
2.5657494
2.642545
2.7113948
2.4669948
2.4463203
2.3971012
2.5547543
2.647654
2.449195
2.5256093
2.4093986
2.6008086
2.457049
2.738713
2.5594223
2.3833883
2.4400916
2.586028
2.4704149
2.6314652
2.5461063
2.5865045
2.6036048
2.4195192
2.4745278
2.6152465
2.6395977
2.5426393
2.3474154
2.4567485
2.472321
2.5912225
2.3426583
2.643842
2.373425
2.4721093
2.5092325
2.3207142
2.4132442
2.424752
2.4459271
2.559691
2.5018964
2.3242269
2.4706545
2.4951725
2.4981263
2.435492
2.514032
2.5465188
2.4202561
2.393841
2.6533072
2.3768044
2.5679097
2.4051127
2.4555976
2.378281
2.4668574
2.4918332
2.6441746
2.5575237
2.519181
2.3400323
2.382378
2.3443775
2.6311421
2.4867468
2.5597942
2.434733
2.500666
2.3221397
2.29196
2.565199
2.2720113
2.4840763
2.4389796
2.494534
2.5957465
2.268567
2.6089063
2.457459
2.4497516
2.6492772
2.4359794
2.4134479
2.38197
2.464541
2.6023986
2.565089
2.400307
2.4240375
2.3955967
2.426489
2.1833978
2.3704383
4.578165
2.3201833
2.4258049
2.211935
2.436129
2.2824786
2.4225528
2.3239841
2.295224
2.3168302
2.3343978
2.4530303
2.378446
2.3797214
2.5488524
2.4287615
2.2303352
2.3695285
2.5055356
2.3526833
2.244123
2.6230462
2.0225806
2.4273102
2.371805
2.2743804
2.2957904
2.4509408
2.332022
2.349126
2.3403673
2.263308
2.2914896
2.4963071
2.2811465
2.4068708
2.2649655
2.448243
2.4833355
2.5181313
2.4033153
2.540014
2.239917
2.5871272
2.2461944
2.3262553
2.4073768
2.3896122
2.5014548
2.1062834
2.389628
2.1296546
2.3425324
2.572807
2.1130536
2.2822113
2.4762216
2.4624972
2.399076
2.2825189
2.3147545
2.2208965
2.424604
2.575557
2.3373926
2.2070024
2.3521802
2.3864596
2.3155477
2.2544725
2.4992433
2.2936018
2.6276422
2.3325038
2.557695
2.4825168
2.4170725
2.4405642
2.4486287
2.335999
2.388084
2.3559365
2.308268
2.1669145
2.3197684
2.2291284
2.406028
2.3694472
2.2994065
2.336536
2.3333175
2.4721038
2.0590737
2.4467087
2.5128827
2.3428078
2.3526516
2.3625247
2.4253345
2.2752304
2.4289231
2.371263
2.2583709
2.3110335
2.44371
2.3095317
2.4970572
2.431881
2.2856278
2.3519683
2.3418128
2.2636309
2.3800285
2.3034024
2.2729201
2.5220807
2.4892726
2.2161431
2.5357919
2.2212415
2.2932897
2.2154853
2.3591688
2.3460155
2.5360281
2.370543
2.2752929
2.341248
2.3764222
2.5352578
2.5621524
2.2916715
2.3199024
2.4780304
2.3453832
2.0844064
2.4429438
2.289709
2.4188418
2.4292827
2.3097017
2.550478
3.359117
2.339003
2.389815
2.3365846
2.50244
2.4244723
2.3490336
2.54356
2.4429784
2.3739192
2.337347
2.2634785
2.2493682
2.155494
2.1827104
2.341064
2.4966002
2.3025603
2.3632457
2.3953373
2.3599622
2.3286834
2.3780441
2.4616838
2.3293958
2.321162
2.2236748
2.4679303
2.469953
2.441763
2.4454396
2.3726757
2.2391517
2.4721313
2.4814074
2.395451
2.2819638
2.4384959
2.3824763
2.3653975
2.3609862
2.2783637
2.3322124
2.3458285
2.4139078
2.2710633
2.2699335
2.2452703
2.4939964
2.3777032
2.3332653
2.311025
2.1487155
2.1829152
2.2683794
2.2564309
2.5659847
2.2228682
2.3135793
2.297481
2.3309453
2.418919
2.1898541
2.3568177
2.4307005
2.203526
2.39054
2.3350403
2.2173252
2.3995087
2.4370499
2.20456
2.2366748
2.4383137
2.2705395
2.1919475
2.3809075
2.4421494
2.566111
2.140703
2.138536
2.2938647
2.3587794
2.32328
2.1669164
2.4202487
2.383082
2.4851677
2.3793426
2.3507524
2.3504224
2.2388504
2.5332801
2.5021245
2.2801301
2.4296708
2.500649
2.2180398
2.331738
2.1985292
2.3557324
2.2506604
2.4910228
2.2801952
2.3254745
2.6355538
2.2651136
2.4549453
2.4308934
2.62658
2.3956764
2.5556571
2.218274
2.3627515
2.1361156
2.3257258
2.264249
2.477364
2.2880483
2.3152547
2.4496627
2.4234688
2.326185
2.3252406
2.2466466
2.247999
2.24488
2.1994312
2.521234
2.4085822
2.5212803
2.5135207
2.3173013
2.278916
2.381434
2.3819773
2.4078717
2.4028435
2.236675
2.4049284
2.339107
2.3681579
3.0073516
2.3673387
2.462075
2.6023889
2.203486
2.4007468
2.3015356
2.2620218
2.3873537
2.4809802
2.1784482
2.3145013
2.5258646
2.5142627
2.3820634
2.3875465
2.2897248
2.4400172
2.4442964
2.4548595
2.2640429
2.3862524
2.300552
2.502412
2.302592
2.1269915
2.3591774
2.5269568
2.4808006
2.320236
2.232804
2.248226
2.1548119
2.3116567
2.2321754
2.292263
2.383688
2.294758
2.2759218
2.3349717
2.4446084
2.1988313
2.3161092
2.3125706
2.1248372
2.436474
2.5317233
2.4744136
2.5038803
2.2593188
2.452989
2.2874372
2.2783964
2.2511165
2.5460675
2.3160903
2.39691
2.2931652
2.352401
2.2919984
2.333742
2.370221
2.3217478
2.333686
2.2842078
2.5259445
2.2398493
2.4225338
2.2939095
2.4485853
2.4169948
2.423287
2.3561559
2.154941
2.4381478
2.2150815
2.3127284
2.3896954
2.3798738
2.483286
2.3682904
2.4521952
2.4491243
2.5552964
2.3626099
2.135315
2.1836326
2.3738759
2.3048136
2.301476
2.3097522
2.2636006
2.3041244
2.2163045
2.3086991
2.409665
2.3086247
2.1865036
2.3245926
2.198411
2.3794398
2.2637243
2.4301085
2.386254
2.3862424
2.3661084
2.3754146
2.5827327
2.431964
2.302388
2.1826758
2.4219735
2.1468012
2.374848
2.3284135
2.2520235
2.3504825
2.2539482
2.3313339
2.512736
2.4165668
2.4549947
2.356306
2.4807975
2.3021684
2.3711038
2.333469
2.4054613
2.2511334
2.329845
2.1387951
2.3101668
2.3120987
2.4598873
2.2576318
2.3533099
2.2665994
2.3946521
2.2633834
2.43122
2.346456
2.2536016
2.7468183
2.3342934
2.3921914
2.3314905
2.3639214
2.2407684
2.325242
2.2859988
2.2934315
2.2906308
2.2650447
2.3304894
2.3536878
2.3361185
2.5396132
2.2466154
2.3073382
2.537161
2.1874948
2.3684144
2.4562376
2.29465
2.2792068
2.455733
2.2454162
2.4821782
2.1965709
2.4068139
2.343351
2.2318015
2.30779
2.3862824
2.338548
2.339396
2.191988
2.4426985
2.366415
2.1611905
2.2211845
2.2924404
2.2254062
2.5574825
2.4521475
2.2141273
2.2207637
2.2831154
2.43975
2.3329163
2.4611824
2.2859025
2.263801
2.429194
2.4472885
2.4624705
2.2173195
2.4149232
2.2601178
2.5566175
2.5734684
2.2885938
2.3463192
2.6075566
2.2729223
2.3913465
2.380977
2.4538043
2.2369747
2.4990242
2.1702387
2.2094858
2.5922608
2.4970818
2.398201
2.301746
2.2551942
2.2490785
2.335992
2.5187314
2.4750834
2.1903853
2.3991933
2.384584
2.3247247
2.2886732
2.3347015
2.2400315
2.1434875
2.2345345
2.618423
2.2762504
2.2717154
2.39602
2.292402
2.3812442
2.47362
2.2644324
2.2989216
2.2154324
2.4867015
2.3405433
2.2332082
2.314862
2.4281878
2.4507558
2.498605
2.2394903
2.1888618
2.4718943
2.2787201
2.352631
2.4113822
2.4005647
2.379747
2.3272777
2.377829
2.422072
2.3171473
2.338553
2.3582134
2.2335958
2.394113
2.2825706
2.4908423
2.6442764
2.239028
2.2220807
2.523766
2.335476
2.3329709
2.3625588
2.3047743
2.270104
2.394375
2.3548539
2.3952222
2.2341888
2.342002
2.2323785
2.2644727
2.286641
2.308757
2.2590406
2.782641
2.3759828
2.4102767
2.215151
2.366539
2.213291
2.471846
2.3003852
2.2266045
2.3519576
2.4070742
2.3473513
2.2915308
2.3927522
2.258753
2.2448487
2.305545
2.2573237
2.5027199
2.040666
2.1298492
2.4689884
2.1550033
2.3948998
2.4596803
2.323203
2.4132814
2.2021732
2.3253033
2.3855448
2.3005161
2.422317
1.9823167
2.380806
2.3500218
2.376003
2.20329
2.3433433
2.289578
2.1847053
2.3042798
2.450643
2.3822215
2.4205055
2.264775
2.3588474
2.4118748
2.3419573
2.1810305
2.19559
2.3489308
2.2919154
2.33077
2.3235266
2.521748
2.272496
2.3044636
2.2320015
2.2917705
2.2842095
2.3494334
2.2928329
2.2136025
2.5030205
2.4141107
2.1875763
2.5599713
2.2740538
2.4356132
2.4407892
2.30269
2.407413
2.163118
2.2813022
2.3831887
2.6325688
2.1995723
2.2449844
2.3076828
2.2890575
2.2150133
2.3705812
2.4487712
2.2942157
2.3619876
2.4606478
2.237264
2.2728229
2.3318107
2.3404465
2.3581386
2.387975
2.281228
2.2033374
2.3423276
2.4647288
2.1536126
2.118038
2.2817378
2.2166784
2.4291973
2.1155207
2.394841
2.3677528
2.2465558
2.2655501
2.4447844
2.4816852
2.349604
2.2355416
2.1807046
2.4196079
2.2470002
2.4659348
2.2794642
2.4683557
2.2698817
2.2464502
2.153564
2.2768822
2.0066714
2.3855095
2.3989162
2.4567642
2.344103
2.245767
2.2276258
2.1571476
2.3656716
2.2909734
2.2753491
2.3197918
2.2022927
2.2384589
2.1410508
2.5276544
2.332919
2.3864267
2.3371692
2.3595834
2.3580453
2.358089
2.6863923
2.2421303
2.3782356
2.52663
2.1747577
2.588453
2.3502965
2.3408933
2.398113
2.5183358
2.269599
2.4038565
2.43932
2.424244
2.2787044
2.2751358
2.421883
2.223271
2.3485646
2.2556674
2.3641648
2.4697156
2.310101
2.3613386
2.416357
2.2757933
2.2821612
2.309967
2.313867
2.1808994
2.4800506
2.0918431
2.3410518
2.3002203
2.4190643
2.4608598
2.452285
2.2894807
2.4749548
2.207911
2.418115
2.4070115
2.1636288
2.2414403
2.3932292
2.2176661
2.351316
2.4779541
2.2999902
2.0465508
2.3671238
2.3550973
2.2463553
2.2011743
2.197132
2.2677968
2.3596396
2.6394072
2.3969226
2.2162213
2.298635
2.3438632
2.3994145
2.2338784
2.1741002
2.1031833
2.4436285
2.2163866
2.3442166
2.4106889
2.2626646
2.5646586
2.4412227
2.3654351
2.3033056
2.3526406
2.3411708
2.4654708
2.3131578
2.3753238
2.3370166
2.3633113
2.4317281
2.319469
2.3698564
2.3518324
2.2873182
2.3351471
2.2448683
2.2567525
2.2482078
2.3524013
2.457748
2.3191223
2.5100658
2.4752786
2.3418481
2.3208764
2.2049792
2.4623058
2.2038503
2.434299
2.3971753
2.5157921
2.4293733
2.3909156
2.3614955
2.2173946
2.2542462
2.2668138
2.3261883
2.3490834
2.411502
2.227359
2.4533596
2.212178
2.1614442
2.4042058
2.091846
2.1813836
2.5145228
2.4909616
2.180116
2.4003983
2.5269532
2.35444
2.056025
2.3491647
2.1776395
2.210069
2.3295457
2.3337798
2.3943686
2.3878145
2.2700648
2.4132648
2.351313
2.3903213
2.2931378
2.3798578
2.1665204
2.2663453
2.6591518
2.390078
2.385611
2.308568
2.3650687
2.4320064
2.3640008
2.3462548
2.1779826
2.3759594
2.2726057
2.493782
2.3730736
2.1376638
2.4034462
2.3102124
2.3256328
2.3499103
2.4509635
2.1097388
2.312285
2.579496
2.3745246
2.298737
2.4729967
2.3608422
2.2888446
2.0804
2.3941486
2.4294991
2.2180352
2.1231565
2.4133954
2.3731844
2.3632996
2.278827
2.4317245
2.403976
2.3342502
2.3069556
2.3207626
2.5083642
2.4056184
2.394077
2.3815496
2.4019291
2.3066497
2.2920914
2.3822904
2.2800114
2.5803428
2.2826653
2.4562645
2.306183
2.3721755
2.2404504
2.4158409
2.2206993
2.31047
2.562209
2.4877648
2.1757653
2.448816
2.2215312
2.559413
2.233317
2.4910655
2.3667097
2.3597007
2.2647953
2.339744
2.239779
2.2812536
2.3415534
2.1106143
2.377893
2.3584065
2.498714
2.3214574
2.239769
2.2679648
2.0880294
2.3783314
2.2476091
2.212475
2.4435778
2.3064065
2.259687
2.4019597
2.1040668
2.0850058
2.2341394
2.1795661
2.202802
2.3031316
2.294867
2.3321416
2.379324
2.2030616
2.490273
2.440046
2.529431
2.3835435
2.3092232
2.2469077
2.4211662
2.1901553
2.2079773
2.1910803
2.329102
2.2435253
2.3364227
2.184934
2.2874806
2.4871144
2.2603292
2.4141417
2.1095948
2.3589296
2.2807865
2.2029212
2.3390088
2.2822948
2.2854319
2.5122476
2.3074193
2.2777305
2.2281268
2.2161374
2.4309018
2.2809317
2.366388
2.2505755
2.4473503
2.5450025
2.218359
2.3972318
2.4642282
2.2320218
2.3589785
2.4017348
2.3900058
2.533155
2.2442927
2.0429251
2.3658078
2.4003713
2.1435838
2.3302274
2.2808228
2.4281325
2.3341315
2.173871
2.2229943
2.2874465
2.210487
2.3093538
2.3505707
2.3439767
2.4118404
2.2400703
2.3987179
2.2198524
2.2344544
2.3580441
2.2329102
2.3364139
2.3127332
2.2483184
2.1381269
2.312102
2.3230975
2.4127936
2.4150214
2.3435388
2.207991
2.3421142
2.0958495
2.2770026
2.4172676
2.2174695
2.5182085
2.4433827
2.4260898
2.3480577
2.377892
2.3479495
2.2407305
2.2656837
2.3451316
2.2041862
2.3611455
2.3948607
2.4482675
2.3751361
2.2337248
2.5449424
2.4090912
3.062591
2.5532863
2.3342488
2.246162
2.4320393
2.355311
2.4821134
2.3285022
2.308112
2.4589744
2.4276092
2.3549876
2.407029
2.403284
2.3034413
2.4257026
2.317424
2.330719
2.3252406
2.2173123
2.1919537
2.3652005
2.4077096
2.2955787
2.3756542
2.344415
2.287767
2.264034
2.5177157
2.3131242
2.4336681
2.2887256
2.4232235
2.30265
2.3340094
2.1736758
2.105637
2.4007246
2.4518466
2.145166
2.3981075
2.4059868
2.4719574
2.114311
2.275146
2.2643836
2.3448174
2.4308953
2.3058403
2.3630886
2.3260012
2.3414388
2.3839073
2.4591327
2.3009236
2.395862
2.4028165
2.3427932
2.2696528
2.516137
2.2502298
2.6165357
2.2207074
2.4885051
2.2390945
2.2511923
2.1964278
2.2334678
2.0951905
2.1989636
2.1390932
2.3261485
2.388343
2.3560085
2.2740893
2.420635
2.1870494
2.3314543
2.325878
2.355494
2.318772
2.2642193
2.2724712
2.1932683
2.4833505
2.4433768
2.6201892
2.4192557
2.3079891
2.0903428
2.2837725
2.365744
2.4527812
2.296084
2.2207649
2.2271292
2.258605
2.4008965
2.272323
2.2038257
2.2894044
2.1648514
2.319801
2.2150002
2.4628348
2.2351115
2.5019503
2.412671
2.1925619
2.2480931
2.2164965
2.2587178
2.3962073
2.3166442
2.3191895
2.2775273
2.3362668
2.3650436
2.14512
2.4207613
2.362108
2.0699642
2.3511908
2.395864
2.266085
2.154913
2.5452871
2.2146308
2.250873
2.2131135
2.419995
2.2078285
2.4089756
2.0643373
2.384871
2.5857568
2.3990405
2.3532128
2.1550255
2.1566498
2.2581873
2.3706212
2.3921642
2.4576275
2.4552314
2.4028096
2.3252091
2.4233086
2.4083095
2.5396676
2.1473012
2.4159129
2.1981883
2.3799596
2.3170695
2.1381793
2.3274875
2.336433
2.4874349
2.1977553
2.2442489
2.3050303
2.4183164
2.1937628
2.2199855
2.5703168
2.4255464
2.3000095
2.273589
2.3513722
2.4275193
2.2579157
2.4371376
2.5877764
2.6400445
2.2467332
2.3704984
2.4284444
2.409535
2.268895
2.1818044
2.2612529
2.3631835
2.2611873
2.3573632
2.3806744
2.3499725
2.5579484
2.3518653
2.3944108
2.3778558
2.3294861
2.3082328
2.431687
2.2771645
2.2367768
2.3765473
2.1534514
2.5380888
2.3992834
2.296674
2.3293989
2.375588
2.4629452
2.4652858
2.4216723
2.4103634
2.2290394
2.4010277
2.4160259
2.078627
2.3740437
2.4334252
2.3318725
2.2241616
2.236716
2.2672737
2.3603287
2.2927978
2.431054
2.3663783
2.5546334
2.3789995
2.3067298
2.312047
2.463194
2.373863
2.2837472
2.5046382
2.4155145
2.3134573
2.3535988
2.345859
2.1403508
2.383228
2.223933
2.2181218
2.3744216
2.1992714
2.5182385
2.3805928
2.252816
2.3952298
2.1714454
2.4501271
2.282123
2.2376933
2.289622
2.3252838
2.5812454
2.4622657
2.2797315
2.3868587
2.298064
2.228784
2.2996638
2.1231332
2.3182337
2.3362927
2.4505682
2.193994
2.4034243
2.5428846
2.377713
2.3809822
2.3450484
2.268669
2.4142396
2.36251
2.3464787
2.3676343
2.3020854
2.5273209
2.415221
2.248042
2.3250496
2.3580718
2.3682868
2.3626542
2.399739
2.2447479
2.1846366
2.2312288
2.541837
2.382269
2.2420192
2.3115726
2.2373672
2.2155974
2.4069147
2.24629
2.4150856
2.4677835
2.5053916
2.2540188
2.3760602
2.2728572
2.3748791
2.2451577
2.469979
2.364932
2.204353
2.5288796
2.2744644
2.2118585
2.450105
2.2343838
2.3132706
2.213581
2.4151158
2.3613138
2.203299
2.218367
2.3336945
2.2943623
2.2598655
2.35333
2.2418833
2.3111162
2.2413619
2.403609
2.2806885
2.4298365
2.4309964
2.2366276
2.1496415
2.2696857
2.3673804
2.2407796
2.2469616
2.2965534
2.3027956
2.2740035
2.3263917
2.251285
2.2520676
2.4297745
2.2311368
2.195706
2.4301033
2.1870239
2.4357624
2.2809055
2.3181446
2.3971145
2.2458158
2.4255123
2.4049237
2.3024945
2.2446399
2.5354047
2.4142296
2.5016022
2.5024486
2.309449
2.314609
2.0898817
2.3566222
2.2969823
2.3000321
2.375812
2.3342972
2.2950244
2.3015218
2.3505247
2.1695416
2.2455294
2.3782382
2.401332
2.4593472
2.3959594
2.3566842
2.248899
2.3507495
2.126718
2.329247
2.4665208
2.445806
2.0461586
2.1973863
2.1109252
2.3402212
2.3084805
2.3917897
2.4862094
2.2958455
2.4779153
2.26295
2.191316
2.1462264
2.133672
2.380335
2.3061166
2.2862828
2.555793
2.4563031
2.307129
2.5192747
2.2299223
2.403502
2.4256423
2.2818599
2.507936
2.2666657
2.3109632
2.2409685
2.2649055
2.2018507
2.249945
2.2120814
2.4692569
2.3442261
2.3408926
2.3560143
2.1626315
2.340776
2.0878592
2.4373097
2.306297
2.3174775
2.4211116
2.4441276
2.243123
2.409305
2.5341098
2.1482644
2.3583016
2.2774649
2.1420748
2.4630888
2.295053
2.3280547
2.2899094
2.2157683
2.312236
2.367602
2.503039
2.2665625
2.4602592
2.3006907
2.2676673
2.4573998
2.0967095
2.4268084
2.3846354
2.2564805
2.324119
2.386482
2.4304643
2.2927203
2.5381646
2.219432
2.401733
2.2050486
2.2985997
2.502929
2.1188073
2.3636284
2.5520778
2.4658883
2.3025403
2.4171832
2.393841
2.1725047
2.149137
2.3121161
2.2948334
2.371806
2.2368178
2.355258
2.408465
2.286071
2.2840066
2.1683114
2.3241615
2.1866498
2.5821068
2.2840211
2.2218194
2.4468591
2.404314
2.3236032
2.1893613
2.4024377
2.329783
2.4412794
2.2691221
2.463342
2.3383446
2.4476337
2.4637406
2.297333
2.270488
2.479177
2.4573748
2.2372298
2.3508322
2.3137465
2.339507
2.1710045
2.4746602
2.329069
2.4619007
2.303371
2.330725
2.2117145
2.2265763
2.3689582
2.3633451
2.3977566
2.2682354
2.1913939
2.3168707
2.5587213
2.351096
2.2691019
2.2383358
2.3152275
2.4616323
2.480086
2.2744908
2.1037078
2.3625169
2.477833
2.310148
2.2327843
2.3549466
2.471476
2.5187287
2.4885433
2.2484968
2.3222327
2.0774333
2.3762882
2.247871
2.3796344
2.4049003
2.3146634
2.5370321
2.2288246
2.4075394
2.3850791
2.1214027
2.413939
2.4076223
2.333848
2.2406256
2.574467
2.4062042
2.4189248
2.3281624
2.2200909
2.24434
2.5074658
2.4381433
2.3723853
2.3012958
2.5276086
1.9974957
2.397336
2.2396357
2.4814832
2.4075043
2.3781257
2.5156293
2.2805114
2.405007
2.5030608
2.290712
2.310703
2.3881986
2.2677083
2.33237
2.479138
2.282681
2.3516219
2.1723902
2.287362
2.5251863
2.504189
2.4195614
2.244145
2.2626014
2.5302634
2.3727918
2.2838144
2.0922036
2.3052197
2.2144017
2.4770737
2.3725247
2.3921561
2.4615645
2.386322
2.5989022
2.2828383
2.3414521
2.5205455
2.1801078
2.3735647
2.2764666
2.2912898
2.5104938
2.1745203
2.454572
2.2848136
2.288111
2.358043
2.492293
2.5014768
2.4009297
2.457562
2.2937112
2.3236136
2.3761356
2.3666105
2.2708874
2.5567505
2.3688235
2.170711
2.3415403
2.413715
2.2157466
2.4871228
2.267535
2.2229214
2.218938
2.3070135
2.3891182
2.3385005
2.476308
2.3125038
2.2021585
2.3916535
2.2643607
2.378291
2.3924744
2.169704
2.4315586
2.386942
2.5260606
2.0748878
2.3890288
2.1474373
2.2803426
2.3330712
2.295827
2.2682228
2.385714
2.4048095
2.26728
2.4084506
2.2666643
2.3781486
2.6819806
2.261086
2.382566
2.3051102
2.297894
2.470549
2.256373
2.2715924
2.3204544
2.3805268
2.422876
2.1785877
2.21021
2.5033925
2.1684155
2.5244489
2.4044552
2.2826858
2.3898528
2.203477
2.2869391
2.2840958
2.6031103
2.411797
2.274462
2.4701328
2.3947663
2.3626885
2.3452425
2.2522552
2.486035
2.3509948
2.134688
2.4483056
2.5377808
2.0268946
2.356289
2.3406167
2.158564
2.5324423
2.3004146
2.3139303
2.1587863
2.2165725
2.2965355
2.2612243
2.392491
2.534657
2.4878886
2.1336288
2.3955567
2.2823615
2.1882138
2.3989997
2.2392426
2.4689488
2.2636964
2.436278
2.2731576
2.2325103
2.3755522
2.3980591
2.230987
2.2531211
2.2763877
2.3840232
2.1131225
2.299131
2.4501214
2.323874
2.2584815
2.3590431
2.484376
2.2985816
2.191399
2.4670112
2.3875928
2.3512464
2.4855964
2.3902328
2.3421383
2.0819092
2.544124
2.250922
2.410708
2.1388679
2.1834035
2.0533404
2.2724652
2.284246
2.5629056
2.5414596
2.3650618
2.0750775
2.3364708
2.380855
2.2385297
2.2895665
2.3989706
2.423546
2.42287
2.5715048
2.3403478
2.428224
2.4352856
2.2910285
2.3249435
2.4826047
2.2434983
2.4922812
2.3501549
2.3600316
2.323707
2.3401456
2.2803922
2.3224812
2.2323103
2.218886
2.2592463
2.2766201
2.3060308
2.2257743
2.3157935
2.2142034
2.288918
2.3782947
2.475346
2.4044049
2.259316
2.350291
2.055432
2.3269794
2.4006968
2.133676
2.178021
2.4439254
2.4343967
2.402039
2.331428
2.3636932
2.413647
2.191421
2.4853575
2.3664603
2.321732
2.327339
2.313893
2.3565083
2.505872
2.5474937
2.3094122
2.4584637
2.4238737
2.3259664
2.2349055
2.5112078
2.3030906
2.464611
2.4439375
2.291842
2.4763694
2.3097155
2.4210796
2.520515
2.238721
2.3413785
2.4409168
2.4345574
2.2432399
2.4163036
2.5063105
2.4251733
2.2689958
2.3487341
2.1164358
2.5062842
2.2990773
2.251285
2.4541528
2.4164777
2.3215325
2.469555
2.3854804
2.167582
2.3848991
2.4523158
2.0580134
2.3710299
2.1419654
2.1617663
2.411911
2.2736788
2.3544388
2.4507875
2.3858542
2.3974173
2.4139886
2.3961043
2.4046664
2.2778716
2.3484488
2.3325946
2.3136747
2.1812656
2.395408
2.320059
2.1324162
2.3122103
2.3873231
2.5233681
2.199809
2.1735666
2.3155484
2.3721933
2.2469282
2.4110627
2.246556
2.2590814
2.4471385
2.2045214
2.2944193
2.3073983
2.2965114
2.555973
2.303017
2.2651029
2.3694713
2.5208573
2.490411
2.5292115
2.3618126
2.1957157
2.3934286
2.3347082
2.2455726
2.4043188
2.405663
2.3994174
2.1642501
2.3457942
2.3083737
2.3623455
2.175695
2.3717916
2.4094179
2.0876393
2.4324784
2.3066578
2.3721468
2.253775
2.3661177
2.3389463
2.388312
2.291809
2.5689876
2.1918244
2.2228413
2.259187
2.2075143
2.2897515
2.512505
2.366298
2.3184555
2.294032
2.4113214
2.4414861
2.4108276
2.3036983
2.367033
2.2400773
2.3231483
2.4650712
2.1969981
2.3129058
2.3009553
2.3986325
2.3300862
2.1666582
2.1932602
2.336759
2.2977593
2.2063742
2.2567098
2.401286
2.5211692
2.2257965
2.3107219
2.3362074
2.2344909
2.1918159
2.2412646
2.18477
2.3269076
2.345119
2.3337452
2.3224454
2.2612536
2.3450532
2.3991635
2.3032553
2.4185305
2.4718678
2.3156638
2.1920974
2.7036629
2.1960304
2.414547
2.219788
2.452386
2.189021
2.4524965
2.411573
2.4514427
2.35467
2.3955493
2.2460067
2.2941527
2.414658
2.408502
2.2119427
2.3220882
2.2662492
2.2006478
2.3015358
2.345847
2.363909
2.2412395
2.3580093
2.342326
2.461128
2.449569
2.4329772
2.4729683
2.349318
2.321692
2.4452555
2.379967
2.280293
2.3347285
2.3535416
2.3224187
2.2165942
2.2568142
2.371191
2.2344108
2.2755377
2.5049884
2.3611627
2.4403348
2.410233
2.5556464
2.2030962
2.3872352
2.3527584
2.339234
2.2951913
2.4290984
2.2899227
2.2117605
2.320878
2.3082066
2.2924721
2.389896
2.1697047
2.566462
2.4348044
2.3839555
2.2689743
2.4194577
2.3779197
2.2354112
2.4423528
2.3123264
2.4080012
2.5069044
2.2709372
2.2400727
2.2563672
2.6257675
2.482357
2.3676
2.2979493
2.3313334
2.4326158
2.475838
2.3808753
2.2447734
2.2730064
2.3325412
2.4033654
2.1563294
2.1491213
2.2808347
2.2833438
2.265571
2.3094964
2.235744
2.4576192
2.1343427
2.1600797
2.3284454
2.2534513
2.2521005
2.5754232
2.3077087
2.4739132
2.4555068
2.38333
2.3912392
2.2557538
2.350319
2.2968721
2.288825
2.2246394
2.394308
2.3764443
2.4315877
2.1153626
2.2434113
2.2953503
2.3533738
2.2951367
2.0018992
2.2514343
2.3672562
2.1348367
2.6372838
2.4212127
2.3155627
2.3624518
2.2783012
2.3831654
2.3270817
2.367756
2.1726909
2.2757187
2.4729009
2.3114161
2.2257247
2.0632036
2.2853825
2.366332
2.4514797
2.3360143
2.3097901
2.3979907
2.3252418
2.2550297
2.4569511
2.2850397
2.4251783
2.2560344
2.2190213
2.2690628
2.2719216
2.2390606
2.2832947
2.3635287
2.4030771
2.382505
2.3417172
2.2369866
2.3302567
2.427079
2.4437072
2.6106439
2.282307
2.3799455
2.2295887
2.2886896
2.247889
2.3898199
2.5092545
2.3625188
2.1719773
2.3191276
2.3207176
2.3350034
2.3203168
2.3932
2.3955693
2.4068344
2.2235305
2.2825732
2.1879406
2.4283442
2.3456388
2.2782083
2.2595716
2.4657118
2.362493
2.0065904
2.4677637
2.161608
2.3044987
2.3226297
2.229556
2.237774
2.2173488
2.54987
2.2982647
2.3506517
2.394343
2.3142807
2.2847266
2.2017198
2.1320202
2.2942657
2.396604
2.4040396
2.42796
2.1306329
2.3704286
2.5332997
2.3469083
2.4832225
2.3775554
2.3716245
2.4203157
2.1922233
2.5510113
2.3249576
2.22157
2.4091213
2.3348916
2.3015676
2.4213438
2.236796
2.4517999
2.2897606
2.2240005
2.4054375
2.283955
2.19588
2.2460566
2.209719
2.3212516
2.306909
2.408423
2.3651931
2.1938968
2.2568204
2.3740802
2.2848837
2.3397973
2.460252
2.4209702
2.3792062
2.1192162
2.6075306
2.183951
2.2988517
2.4341161
2.2636607
2.314158
2.1430185
2.1752117
2.4366913
2.298531
2.366946
2.4137814
2.4734826
2.2637413
2.2839425
2.5012658
2.404191
2.3989651
2.2578888
2.533165
2.6510837
2.2426617
2.2816727
2.5270479
2.2405636
2.397659
2.401752
2.3633723
2.2151062
2.3037782
2.2507305
2.165103
2.2359648
2.2594619
2.2021303
2.449981
2.3308742
2.460891
2.2624955
2.1770482
2.513379
2.4491389
2.111743
2.43857
2.4129915
2.1539714
2.4714394
2.175734
2.2643385
2.1720953
2.2464457
2.3143837
2.364074
2.343331
2.3784592
2.3291063
2.3302884
2.251306
2.4882777
2.149082
2.2277865
2.2228546
2.2889245
2.427339
2.4750557
2.354376
2.2998035
2.5247612
2.490718
2.4167924
2.347824
2.8000805
2.397227
2.1589866
2.2632387
2.3410847
2.42892
2.4227211
2.3466153
2.3381858
2.3681598
2.3178868
2.3101172
2.1101794
2.3546987
2.2440612
2.3242106
2.2613673
2.2745814
2.066304
2.3884273
2.3709102
2.2317207
2.237281
2.3363566
2.1740036
2.3258061
2.4377844
2.2944074
2.4240956
2.3734596
2.2577674
2.3087265
2.396112
2.3194332
2.4694276
2.4730873
2.4442732
2.31958
2.4762464
2.3022017
2.3517861
2.4110048
2.3472347
2.4133503
2.3990314
2.343673
2.321837
2.2921104
2.2417817
2.4134307
2.3625011
2.280684
2.41116
2.2933025
2.3455634
2.3212981
2.5558066
2.0636096
2.3817186
2.376175
2.467816
2.4885905
2.239265
2.3688035
2.2908242
2.4303582
2.3525872
2.1183512
2.2909775
2.3136523
2.4453702
2.2036204
2.4019845
2.2734036
2.3658574
2.1570277
2.3103936
2.2870388
2.3471024
2.3204749
2.4489865
2.3714578
2.380585
2.5132575
2.507435
2.4277225
2.3629973
2.561626
2.110663
2.4436307
2.4347272
2.3788154
2.4456105
2.5427718
2.4028254
2.3202734
2.2385433
2.435772
2.4532483
2.3749464
2.4981334
2.274012
2.3601422
2.347591
2.4029975
2.1457303
2.423626
2.404541
2.2733595
2.476131
2.2625391
2.4279149
2.230689
2.2698264
2.4944081
2.273788
2.402255
2.3544412
2.2936175
2.3268542
2.3861697
2.5113325
2.4905438
2.3790576
2.321873
2.0658624
2.2569385
2.2435863
2.373389
2.3361104
2.1836658
2.2840436
2.4359405
2.3023877
2.3211617
2.324974
2.5019848
2.6663766
2.47662
2.1699479
2.3077464
2.223317
2.3127232
2.2810676
2.2909684
2.3269088
2.2568445
2.3182545
2.33721
2.2638373
2.3419318
2.4402988
2.258661
2.3712249
2.290026
2.3871052
2.205052
2.260078
2.3354778
2.1883938
2.2935224
2.4673944
2.3002207
2.1492515
2.3509295
2.3768299
2.424519
2.4493709
2.4424403
2.2177439
2.4013162
2.2372441
2.376636
2.3386712
2.2864273
2.2222626
2.1356866
2.1306248
2.268394
2.2864983
2.4520578
2.443191
2.4085011
2.2423482
2.3357275
2.3099935
2.314111
2.639196
2.3881571
2.2294016
2.4318795
2.4501524
2.3002129
2.375959
2.4928703
2.1912518
2.1572258
2.1937451
2.4587886
2.2576363
2.1548553
2.3701377
2.2402654
2.3343818
2.4175367
2.469051
2.3601449
2.5632203
2.0827136
2.2216847
2.4171033
2.4257436
2.104117
2.5728378
2.5814717
2.4566145
2.400239
2.335896
2.2219133
2.255982
2.6069262
2.360508
2.3591602
2.502402
2.3571467
2.3419232
2.2011817
2.3115954
2.210778
2.302469
2.1344252
2.3757954
2.5676854
2.4626727
2.4082904
2.3254695
2.3991323
2.2641978
2.7549767
2.2532537
2.2605493
2.2979908
2.319575
2.4847386
2.4013212
2.3400354
2.191596
2.3190897
2.510285
2.2475638
2.3298628
2.3828955
2.422873
2.2390873
2.3593078
2.2077212
2.2382576
2.4497244
2.3135428
2.2134814
2.4364443
2.1341548
2.3319407
2.2954297
2.1970263
2.4596963
2.3658624
2.1924667
2.4109435
2.3734705
2.2672327
2.2600546
2.4138858
2.3852627
2.4114716
2.300909
2.3460865
2.3086553
2.304613
2.3194883
2.532089
2.3945408
2.4247315
2.3796759
2.426327
2.1548085
2.451017
2.4169693
2.1386948
2.3625395
2.2482357
2.3967032
2.144094
2.3289518
2.282227
2.2847342
2.3731377
2.199739
2.1510046
2.284631
2.317716
2.3841705
2.2502642
2.346644
2.3773732
2.2069821
2.524699
2.3265119
2.3651414
2.0839007
2.201283
2.6619925
2.357687
2.25022
2.2899642
2.2456367
2.3110015
2.340901
2.1400898
2.3289773
2.3017437
2.3471613
2.5566933
2.2116866
2.4800766
2.5114686
2.2498786
2.3213434
2.2835002
2.1144307
2.1278834
2.3210256
2.3833418
2.3958867
2.3597977
2.174237
2.4676065
2.2816682
2.1877303
2.2844453
2.076839
2.31774
2.2179806
2.4668088
2.3022473
2.1931474
2.4325318
2.3627114
2.3227074
2.2275138
2.337994
2.300022
2.3837457
2.2453253
2.25275
2.2217615
2.2112944
2.4259205
2.4570067
2.2887237
2.5766575
2.2528856
2.4348912
2.3460784
2.1752524
2.4258163
2.4956474
2.394598
2.182222
2.1477292
2.3499455
2.576847
2.4489853
2.3254373
2.4857733
2.2503765
2.2802708
2.3611896
2.3368013
2.507476
2.248981
2.4187405
2.501239
2.2294755
2.3587117
2.34283
2.2042913
2.3721583
2.4335947
2.4169166
2.2101781
2.4147542
2.1855202
2.492097
2.357002
2.2123451
2.2855694
2.1379886
2.5578613
2.4543793
2.5352836
2.3110268
2.2044299
2.1737013
2.4166493
2.2764592
2.3590233
2.1643126
2.3512998
2.2545605
2.2548707
2.387569
2.3765216
2.3182888
2.3478198
2.5174627
2.3313785
2.3642344
2.3401532
2.2901833
2.2565725
2.3592696
2.5624185
2.1632342
2.3383415
2.3689258
2.1821609
2.332832
2.242031
2.306397
2.3228621
2.239887
2.3559124
2.2557614
2.3886292
2.238582
2.3176284
2.4327495
2.2573788
2.290596
2.372347
2.5832515
2.3797908
2.2443538
2.6498647
2.286409
2.3539891
2.2527497
2.4339447
2.2080598
2.3708234
1.9567053
2.271523
2.2318487
2.2262614
2.37109
2.4374683
2.3388748
2.5807667
2.2179103
2.273269
2.229776
2.4135797
2.4200027
2.3732982
2.4486656
2.3049242
2.1818116
2.381394
2.2377076
2.318239
2.4692204
2.4271073
2.2982893
2.2758238
2.3106484
2.2794623
2.3051386
2.259568
2.3442497
2.4193914
2.409726
2.4077277
2.3489985
2.3152952
2.5686164
2.2602823
2.3220017
2.353931
2.4745405
2.348065
2.342172
2.1859982
2.2579312
2.2694979
2.336264
2.3389916
2.4085925
2.312551
2.2095373
2.3807614
2.261851
2.3228364
2.2912822
2.545297
2.209629
2.2688336
2.3497052
2.2614827
2.3552644
2.3197646
2.3847778
2.0804868
2.3847942
2.336588
2.4555678
2.6335893
2.3074436
2.4066148
2.3515534
2.2954602
2.2609177
2.5443642
2.3442261
2.5495124
2.262659
2.3344827
2.3019743
2.5684993
2.2966256
2.3981967
2.366218
2.370222
2.1473155
2.2070699
2.217115
2.5431466
2.237443
2.2098594
2.1876395
2.4121127
2.375687
2.6239023
2.342843
2.283277
2.345855
2.2805676
2.4572406
2.2483582
2.2670515
2.1909146
2.440619
2.444282
2.203348
2.2523665
2.2781858
2.3126838
2.1222064
2.264991
2.2517798
2.352472
2.4531493
2.3562446
2.3713388
2.0523765
2.3530405
2.4052162
2.2976673
2.320703
2.4873369
2.2824693
2.389084
2.4313703
2.4337478
2.1577492
2.2740755
2.4408672
2.4445345
2.2455754
2.474961
2.267146
2.4204726
2.3348594
2.4137502
2.256362
2.3094838
2.4309943
2.2622714
2.1899822
2.0987878
2.2400212
2.2992318
2.2253163
2.2768958
2.377946
2.3658845
2.3348365
2.2414236
2.4037828
2.2120883
2.2401557
2.4283779
2.3457026
2.2873337
2.3251252
2.5260239
2.5407803
2.6555982
2.4046264
2.4267333
2.1713653
2.1175833
2.3684456
2.1622365
2.404072
2.3240974
2.2376938
2.3671622
2.350418
2.4599292
2.273045
2.3163579
2.3944652
2.3572643
2.2270684
2.3402953
2.553825
2.332713
2.2749333
2.3246856
2.269011
2.2875712
2.314003
2.659698
2.2908607
2.2849576
2.285224
2.4123518
2.2771409
2.3403513
2.276642
2.2191665
2.3714964
2.6010382
2.7066803
2.1782594
2.3890655
2.188511
2.191338
2.3004022
2.459483
2.475573
2.3423262
2.39879
2.361428
2.3445415
2.3019552
2.5115817
2.7338796
2.2816405
2.4155796
2.174255
2.248696
2.2527425
2.2539363
2.4482112
2.4452775
2.2663112
2.3209786
2.4050868
2.3146443
2.4804022
2.4322357
2.444392
2.2961493
2.3837924
2.3107457
2.3406334
2.4695435
2.395719
2.233535
2.1692386
2.2772634
2.2961266
2.2555668
2.4219265
2.4045546
2.320072
2.5234227
2.279636
2.3577824
2.3585114
2.2387881
2.2609239
2.3163903
2.172486
2.4115272
2.4673622
2.3772883
2.0869997
2.1752205
2.2760303
2.1493683
2.4982462
2.2446332
2.244504
2.300063
2.2235708
2.250594
2.38584
2.2659552
2.2801697
2.3928173
2.3937507
2.2039065
2.5317323
2.4961426
2.452025
2.3479567
2.4199233
2.379549
2.330185
2.240367
2.3598266
2.2820735
2.2496786
2.403104
2.4169984
2.3120768
2.286821
2.2265477
2.3753192
2.3233688
2.4166942
2.3785691
2.2881567
2.2507517
2.1978087
2.3938875
2.5045922
2.2621148
2.3508058
2.3343127
2.1989512
2.277665
2.285624
2.3135436
2.3687904
2.3837075
2.2772279
2.3262954
2.2662675
2.5352056
2.402626
2.3006966
2.295589
2.3330438
2.309937
2.339783
2.1313152
2.1919284
2.4740078
2.37751
2.251433
2.3977752
2.3892214
2.2329009
2.169675
2.2201314
2.3376365
2.3739207
2.4008458
2.209516
2.4202993
2.1952357
2.160225
2.3620274
2.3035989
2.4386706
2.4241579
2.3336945
2.2506196
2.1908424
2.3796334
2.3415148
2.3823133
2.2879076
2.2339387
2.5633557
2.4322484
2.2281811
2.396041
2.5260727
2.2477098
2.429816
2.452149
2.447468
2.4641109
2.600535
2.3989513
2.4932656
2.1652615
2.20261
2.47055
2.3742478
2.1522546
2.2615428
2.3990374
2.0900803
2.1839192
2.2697656
2.4638665
2.253689
2.5825458
2.3863153
2.3783422
2.3654158
2.480225
2.3764844
2.1971457
2.5374959
2.2574105
2.2663891
2.3416104
2.3546963
2.354957
2.2172341
2.2871034
2.358939
2.3035655
2.2157998
2.2581012
2.2269483
2.1068726
2.312535
2.4823594
2.521957
2.3622901
2.430469
2.2729526
2.424398
2.3756077
2.176496
2.3243742
2.1040323
2.2935853
2.470876
2.3584645
2.3802233
2.3458362
2.3817039
2.3271506
2.2264323
2.5186176
2.3868814
2.4984772
2.392061
2.2246213
2.080531
2.363524
2.4688237
2.3461154
2.404543
2.4285734
2.162885
2.5453517
2.4208715
2.2506526
2.4580455
2.328155
2.5277228
2.3057878
2.3429196
2.4367127
2.3087792
2.4471195
2.3391469
2.3442254
2.3674102
2.267939
2.3431292
2.285771
2.42232
2.1500976
2.1308982
2.3267903
2.2974656
2.2104678
2.3430843
2.2841227
2.2662537
2.3567896
2.7878306
2.2877471
2.282478
2.332579
2.3159263
2.30112
2.4000106
2.5293238
2.3698769
2.2442017
2.209189
2.2300231
2.2038395
2.5030472
2.163097
2.3126125
2.2300243
2.3188462
2.2048984
2.3886096
2.3989081
2.2312474
2.018892
2.5494618
2.297965
2.146105
2.245205
2.487471
2.298938
2.3812442
2.4158928
2.4917903
2.3163185
2.5308104
2.4306672
2.340315
2.1863847
2.1927745
2.3193088
2.4215727
2.3349743
2.3594894
2.3211396
2.2841642
2.209573
2.4195259
2.3347554
2.4106307
2.1634836
2.2695305
2.600169
2.508417
2.4789076
2.3791633
2.519629
2.4560852
2.3789115
2.2808053
2.4792447
2.261052
2.5289917
2.3828192
2.2373042
2.4335632
2.3508403
2.3910518
2.3790238
2.2966037
2.328031
2.293228
2.4668221
2.4279788
2.352215
2.3453312
2.2927809
2.368666
2.548321
2.3226957
2.3200989
2.317745
2.4898257
2.2047234
2.4294696
2.3051212
2.0367184
2.4186463
2.5117462
2.285207
2.3381872
2.2047105
2.2414088
2.4292963
2.461211
2.567967
2.286137
2.228393
2.499661
2.2121959
2.25642
2.3981595
2.495953
2.35778
2.4704113
2.3962083
2.2500143
2.1974652
2.3915377
2.3321376
2.4210248
2.3539567
2.5252175
2.269691
2.3826175
2.3621964
2.2556846
2.4903827
2.347198
2.3011394
2.1782577
2.4389148
2.32211
2.259067
2.4206111
2.3818913
2.3502817
2.459145
2.2448776
2.2763982
2.2596517
2.4292288
2.3267646
2.39776
2.2873673
2.24759
2.336093
2.3230553
2.4540734
2.408658
2.3330483
2.16392
2.3915238
2.4322007
2.2009559
2.3014147
2.569763
2.3332467
2.430217
2.323796
2.3291566
2.2802649
2.4579332
2.4817166
2.1488345
2.2548106
2.4006393
2.2040172
2.3697498
2.5409098
2.376606
2.502885
2.3944757
2.3380983
2.4448726
2.4107523
2.2589536
2.2687504
2.274406
2.503669
2.3925076
2.4239993
2.393344
2.4972177
2.495546
2.3529625
2.3230243
2.4330919
2.4381926
2.2871585
2.2645617
2.3010488
2.392972
2.3561702
2.3222942
2.3462348
2.4640691
2.162668
2.3123958
2.3547091
2.421764
2.347263
2.2495809
2.4209085
