9.903442
4.623919
4.59412
4.6796923
4.7078743
4.7206573
4.094791
3.0472856
2.8892312
2.651446
2.643729
2.65984
2.6275234
2.3973384
2.5549984
2.549562
2.444393
2.349922
2.260683
2.2438753
2.3515792
2.2411482
2.151602
2.3463426
2.383353
2.2430766
2.240763
2.360923
2.0681171
2.2267919
2.2743988
2.081474
2.27498
2.1406574
2.039641
2.2458146
2.1513953
2.2966456
2.1734233
2.1780896
2.2368376
2.030662
2.259053
2.1642842
2.1826575
2.170751
2.0494313
2.1053822
2.0319006
2.0075207
2.0074995
2.148865
2.1311848
2.1328464
2.108038
2.1513076
2.1403918
2.069695
2.1854649
2.0774534
2.1347103
2.0887668
2.099297
2.1008763
2.1568646
2.0164638
2.0921555
2.027091
2.0120788
2.1507475
2.1140497
2.0271842
2.0352798
2.098497
2.0524461
2.030994
2.1202588
2.1328104
2.0800147
2.0093415
2.0325465
2.0303288
2.1683187
2.0008569
2.1519601
1.9132221
1.9742428
2.1513221
2.0491366
2.0769382
1.9037163
2.0333946
1.9740671
2.0194726
2.132257
1.893748
1.9352735
1.9359989
2.1041508
2.068976
2.0047133
1.9719216
2.0159075
1.9388001
2.0053055
2.0953498
1.8692795
1.9714401
2.0004287
1.9965862
2.081745
2.0703392
2.0776362
1.9781559
1.9732449
1.9222065
2.2166877
1.9775575
2.0719357
1.8764164
2.0593216
2.0691893
1.983041
1.8660542
2.0263484
1.977597
1.8920805
2.1027522
1.9817683
2.0077271
2.0987332
1.9441608
2.014997
2.1131833
1.9307665
1.9136922
1.9529749
1.9808306
1.9673771
1.7896458
1.9416414
1.9321737
1.9900334
2.0799298
2.0034077
1.9480779
1.9409498
1.9387258
1.9931993
1.8692162
1.9409072
1.9411001
2.135458
2.0279431
1.8685249
1.881294
2.1044428
1.9137204
1.9939377
1.9049774
2.0421855
2.0753589
1.9222399
1.9551828
2.0919895
1.9242032
1.9380071
2.0742724
2.0225244
2.0604196
2.0365107
1.9032542
1.9273746
1.9161198
2.0472558
1.9385471
2.0358415
1.898132
1.9118016
1.900039
1.9917494
1.874088
2.0485368
1.7921091
2.0034246
2.0472958
1.9426314
1.8362366
1.9878953
1.9141365
1.8866951
1.9539235
1.9959244
1.8285799
2.0540268
1.9713161
1.9690994
2.0654578
2.1015468
1.7767713
1.7582814
1.8875878
1.8150238
1.9645121
1.8870043
2.0265698
1.9590778
1.8904428
1.999481
1.8609772
1.8607786
1.9288273
1.9558337
1.8915066
1.8196604
2.0741258
1.9463072
1.8460512
1.9604543
2.0195951
1.9853767
1.9472611
2.019261
2.014089
2.041167
1.9776058
2.0109215
2.0442803
1.9250361
1.9094092
1.8106842
1.8738186
1.9300321
2.0405862
2.0625691
1.8465099
1.8486862
1.8649905
1.7928622
1.975178
1.9170662
1.9521812
1.885335
2.0933633
1.9403474
1.9539334
1.8508074
1.9849985
1.9224644
1.9719718
2.0189395
1.943108
1.8784845
1.9698871
1.9272184
1.8007977
1.9080484
1.8554404
1.7925686
1.9186809
1.9783533
1.8480389
1.8590164
1.9518969
2.0372787
1.8417814
2.0688977
2.0101302
1.8774601
1.9201666
1.9769995
1.9391873
2.0197568
1.9474901
1.8388603
1.846411
1.9845524
1.9823997
2.0209336
1.7888296
1.9485966
1.9712349
1.9225248
1.8459613
1.8932863
1.8560156
1.9775054
1.8498461
1.7744243
1.9067268
1.8325924
1.917628
1.9431267
1.8627447
1.9764621
2.005569
1.9138548
2.1520538
2.0441787
1.8431256
1.94695
1.8120346
2.0025978
1.9899038
1.6899456
1.8182824
1.8415779
1.8074757
2.0394018
1.8724906
2.0262194
1.9058163
1.8449714
1.9741142
1.9965636
1.9617004
1.9071646
1.851072
1.9243774
1.9043753
1.8263674
1.8737409
1.746537
1.8657545
1.8730774
1.9595363
1.9024131
1.9838692
1.9597622
1.9237101
1.8754342
1.9053987
1.8840077
1.9242531
1.9529095
1.9790766
1.9908937
1.9251859
1.9839046
1.9071134
1.9790394
1.8664055
1.9178727
1.9016807
1.9546688
2.0456622
1.9397995
1.9598386
1.8236641
2.0234606
1.928065
1.9668823
1.9418522
1.9733391
2.0649428
1.9873381
1.9351444
1.8559793
1.8744961
1.8613497
1.940594
1.8767192
1.8819625
1.9281161
1.9022071
1.8575861
1.8845589
1.874287
1.8029382
1.7897682
1.7828071
1.9635712
1.9513919
1.8793339
1.9385574
1.7979559
1.8241495
1.8746483
1.9422671
1.990731
1.9023182
1.7962296
1.8599141
2.004898
2.0266836
1.908748
1.99795
1.8637708
1.7303007
1.8427613
1.9421494
1.8839276
1.8895328
1.9341902
1.8856728
1.853034
1.8830891
1.8899071
1.950463
2.0189483
1.9945471
1.9386326
1.820611
1.8506739
1.8803775
1.8287594
1.8551079
1.8831285
1.8740762
1.8772434
1.9718344
1.8516448
1.7840271
1.8601296
1.9369106
1.947258
1.8232744
1.9841588
1.888663
2.0463796
1.957242
1.8163223
1.991629
1.929147
2.0046842
1.9597193
1.822839
1.8400495
1.8589656
1.7587265
2.0695615
2.0209403
1.8632113
1.8761666
1.8774011
2.0227618
1.881715
1.8981771
1.8820541
1.788166
1.9088688
1.971307
1.8378456
1.7470089
1.8833243
1.788881
1.8812883
1.823336
1.7969751
1.8116915
1.8749126
1.9155743
1.8266468
1.7530323
1.8373039
1.8483372
1.7996966
1.8552933
1.9141848
1.8163579
1.8187784
1.9666128
1.9337065
1.9917262
1.934675
1.9701878
1.8081833
1.9817969
1.7732747
1.88112
1.7303435
1.9013653
1.9146907
2.0518901
1.7601769
1.9142752
1.9377645
1.9903132
2.0479858
1.9243816
1.8153312
1.8430837
1.9085634
2.0045092
1.8226883
1.8444456
1.8486404
1.9065176
1.8651001
1.9130281
1.8594116
1.9346365
1.8877525
1.9894345
1.9922726
2.0097623
1.8274235
1.8186734
1.8264242
1.9752591
1.7527555
1.8011516
1.9182806
1.8846424
1.8191849
1.9029162
1.7686749
1.9340296
1.8506209
2.0109267
1.8920813
2.0169506
1.9608253
1.815012
1.8573887
1.9190279
1.8840764
1.8694494
1.814161
1.9378103
1.8673719
1.781307
1.8495674
1.8339401
2.0082002
1.8677174
1.9596218
1.9294933
1.849786
1.8588718
1.7930915
1.8397564
1.8148899
1.9045248
1.8801944
2.0619698
1.8727661
1.8013122
1.9676288
1.9705387
1.9021841
1.8226696
2.0172517
1.7593563
2.0090802
1.7668676
1.8963559
1.9969124
1.8957678
1.9350328
1.8653367
1.9102888
1.8705429
1.7981083
1.8377979
1.8911136
1.8575777
1.9142517
1.8422239
1.677387
1.8391969
1.8950226
1.9181843
1.7973295
1.8783659
1.7942028
1.9082577
1.8678958
1.7590307
1.900728
1.8190444
1.8749523
1.8326849
1.860904
1.9385697
1.8238897
1.8756578
1.9250797
2.0006225
1.8981317
1.7645086
1.9665244
1.9538752
1.7887875
1.8863655
1.9132477
2.0043104
1.8721616
1.929868
1.9720024
1.8356384
2.005584
1.9063673
1.9283806
1.8563448
1.9176315
1.9517151
1.8314149
1.7478371
1.8443205
1.9564044
1.970232
1.9152317
1.9959189
1.7919967
1.8287895
1.8331187
1.8420694
1.8427464
1.8316262
1.7322578
1.6404423
1.786166
1.8176901
1.9099858
1.9006466
1.9442861
1.8486841
1.7985338
1.8854873
1.8855219
1.9070562
1.9705318
1.9435749
1.7634199
1.8273703
1.8216041
1.8126202
1.8830351
1.9062927
1.9291147
1.9907923
1.9150174
1.8705162
1.88748
1.7382511
1.9675337
1.9562718
1.9380878
1.8337723
1.7903614
1.8717153
1.9817698
1.8638744
1.7857727
1.8482332
1.8760418
1.8691025
1.892491
1.8252585
1.8687038
1.8685833
1.8942235
1.9079632
1.8465683
1.8447196
1.8818096
1.9568399
1.8239343
1.8738177
1.928385
1.8093474
1.9720386
1.8495152
1.7615417
1.9706764
1.9087918
1.7876412
1.6652241
1.7871565
1.7781236
1.9575096
1.8039129
1.8653822
1.8768928
1.7920822
1.9092534
1.8713766
1.8803431
1.8275688
1.786197
1.9184736
1.8647169
1.9020712
1.8177557
1.7907622
1.9189796
1.8113207
1.7912874
1.9000899
1.7760789
1.8609998
1.8382622
1.847743
1.8171523
1.8683176
1.9122553
1.8893139
1.8839945
1.7047002
1.8594849
1.8015732
1.937616
1.7858918
1.9746761
1.6728384
1.7932968
1.8388245
1.7879124
1.8784271
1.7354107
1.912076
1.821871
1.9209356
1.8246129
1.7943777
1.8470831
1.7580178
1.666053
1.9361178
1.7307394
2.0503273
1.9220737
1.8764725
1.7923238
1.8032424
1.9822642
1.8152053
1.8982865
1.8118021
1.8673029
1.7802448
1.9512284
1.8337561
1.7882255
1.8990746
1.8887861
1.8154554
1.8349864
1.860405
1.8221254
1.8988378
1.8503377
1.8398588
1.9118767
1.9558302
1.8106047
1.9060684
2.0106337
1.7944586
1.8782747
1.9603841
1.8801107
1.9200577
1.960317
1.7874997
1.8250372
1.8987032
1.8460029
1.821318
1.9619976
1.8734026
1.8065274
1.8180096
1.6990736
1.7874781
1.8030897
1.835679
1.7449341
1.8707912
1.8175888
1.7593129
1.889466
1.7508535
1.9037616
1.9202591
1.8392003
1.7819731
1.825629
1.9151857
1.9196212
1.8734777
1.7964575
1.7318451
1.8859007
1.8474735
1.9156227
1.9134085
1.8691612
1.9087273
1.8453567
1.751044
1.812309
1.933287
1.9731884
1.8278129
1.6573471
1.8173767
1.8341862
1.7126949
1.8584659
1.7870884
1.9414718
1.8148744
1.796869
1.8761151
1.9375217
1.8010695
1.8605306
1.9097284
1.8362519
1.903549
1.9074326
1.8634665
2.0387406
1.7957748
1.9426339
1.8962961
1.9420099
1.8409907
1.7804658
1.9884269
1.8617576
1.9045608
1.9422426
1.7385412
1.8527327
1.8554599
1.9049133
1.833998
1.8625695
1.6844292
1.8270639
1.8378388
1.8248024
1.8066448
1.8974388
1.8693798
1.6975046
2.0359912
1.962779
1.8113066
1.9699665
1.7619911
1.6899847
1.9228394
1.8712053
1.791153
1.7537113
1.9589317
1.8614023
1.61122
1.7362312
1.7018579
1.8470726
1.8458464
1.8830076
1.8336875
1.9607773
1.9376347
1.873621
1.8956198
1.937933
1.9858348
1.963617
1.7184594
1.9225905
1.857439
1.7625126
1.8047997
1.8299072
1.8754673
1.8524917
1.8036093
1.9559066
1.786396
1.8400177
1.9461689
1.9561789
1.8898529
1.8793151
1.8740928
1.8802421
1.8667597
1.8536835
1.8895779
1.9970276
1.7612648
1.8303057
1.8227303
1.787143
1.8318269
1.8869444
1.8855397
1.9782293
1.8830655
1.9527576
2.0005355
1.7643226
1.6412723
1.8583902
1.7765487
1.8082247
1.9425278
1.8909267
1.8301235
1.8019978
1.9803492
1.8134626
1.7580652
1.7959301
1.8206934
1.8892624
1.7857624
1.8656313
1.812763
1.878439
1.8513874
1.9828068
1.799196
1.8391774
1.7452261
1.8200613
1.8628232
1.8501352
1.9397275
1.7819507
1.8327634
1.9904108
1.8037827
1.8303725
1.8384922
1.806974
1.9040123
1.8024313
1.9011152
2.0053763
1.9032612
1.8452828
1.9582231
1.910156
1.947017
1.9270995
1.83927
1.8671601
1.8587685
1.8687222
1.9288765
2.006305
1.7783661
1.7615446
1.7265408
1.8703461
1.9380575
1.7649422
1.8886076
1.9887854
1.9287021
1.7928832
1.8983936
1.8233795
1.7760236
1.8444628
1.9344027
1.9183143
1.9081911
1.9170622
1.9017721
1.8319285
1.8066015
1.8681062
1.9252838
1.7765968
1.7287381
1.8429449
1.8718646
1.8684528
1.7077364
1.6699708
1.8673255
1.8944613
1.9527966
1.764054
1.8360373
1.8356606
1.810857
1.7791246
1.7132213
1.865645
1.8255346
1.8390366
1.8385696
1.9685234
1.8929113
1.7307279
1.8239386
1.8196166
1.8692518
1.8935826
1.8537207
1.8523347
1.8589023
1.850642
1.7429056
1.944245
1.8132004
1.6627909
1.8174614
1.8349054
1.8641611
1.9377741
1.8758729
1.6657021
1.7961657
1.9909217
1.8011032
1.9719832
1.8589523
1.8238682
1.9319112
2.0117607
1.8545052
1.677977
1.8368222
1.8142916
1.807222
1.9240158
1.8665394
1.8002551
1.8229773
1.8657917
1.7916933
1.7652546
1.7911761
1.850138
1.8894684
1.745204
1.9050376
1.7542711
1.9762223
1.6956079
1.8239136
1.9554752
1.9768524
1.819068
1.7952483
1.9794161
1.7135111
1.7822899
1.9928634
1.8376348
1.798817
1.9154403
1.8077472
1.9326665
1.7534475
1.8295199
1.7013077
1.972997
1.9294116
1.9054747
1.8644851
1.6897581
1.6945502
1.8468536
2.0441713
1.8537786
1.8876858
1.7533262
1.8622345
1.8559573
2.0437639
1.9858156
1.8714666
1.8648388
1.9789549
1.918618
1.7858683
1.9110893
1.9197241
1.8450365
1.8485444
1.8657268
1.8448547
1.9981897
1.9014763
1.9104385
1.8331347
1.8056078
1.9716377
1.8115101
1.7932758
1.8397083
1.7920961
1.8310744
1.9354041
1.8409427
1.8232787
1.9363972
1.8764613
1.8992043
1.8745186
1.8623441
1.8998209
1.8844764
1.7621626
1.6683481
1.7947333
1.6632099
1.8071911
1.8715198
1.8615175
1.8718765
1.952811
1.8406461
1.7430607
1.7919874
1.9379193
1.7977146
1.886705
1.8030708
2.058446
1.7303139
1.8834136
1.8967037
1.7518374
1.8461765
1.7218727
1.885539
1.7264515
1.7640855
1.770451
1.8866339
1.8551601
1.782793
1.927429
1.8032887
1.829921
1.8233144
1.8412517
1.9147012
1.9863031
1.8281109
1.8961273
1.7214054
1.7114884
1.8197696
1.7976665
1.8462461
1.8074825
1.8803602
1.8846966
1.8724597
1.8418639
1.7981386
1.8182328
1.8297462
1.8069988
1.914036
1.790377
1.7912394
1.8222281
1.8909607
1.8505251
1.7014554
1.8242226
1.8319051
1.902516
1.7758003
1.7395847
1.822863
1.7199049
1.8730141
1.8966601
1.8080181
1.9499207
1.8298454
1.7142442
1.8565485
1.9213282
1.8102047
1.8038404
1.7936138
1.8266882
1.8009049
1.739282
1.8794056
1.8108972
1.8472732
1.8358408
1.7962923
1.8698715
1.9158465
1.6892893
1.822962
1.9818299
1.9749565
1.8085785
1.7688649
1.8682483
1.8860672
1.9471476
1.971619
1.9494917
1.8318808
1.7450478
1.8754396
1.9046358
1.8915555
1.8793218
1.899822
1.7294605
1.8693371
1.7780402
1.9873314
1.8338354
1.8038971
1.722337
1.8558944
1.8012984
1.729861
1.9188967
1.9075588
1.9691012
1.8114105
1.7859497
1.8760586
1.9024416
1.7283571
1.9385931
1.7917325
1.8501593
1.8475888
1.8973736
1.9017845
1.7550476
1.756059
1.7522497
1.762818
1.8649862
1.8391211
1.8088017
1.7230785
1.6812865
1.7962806
1.8645815
1.9555842
1.8096626
1.7824322
1.8617117
1.89105
1.8662726
1.7822831
1.9053812
1.9074392
1.8462607
1.815711
1.8909378
1.7527097
1.7590153
1.8732393
1.7694908
1.9157177
1.9030701
1.7843122
1.8861189
1.7231634
1.8573811
1.9331093
1.9354194
1.79238
1.9106169
1.908219
1.8963722
1.814691
1.8262415
1.8912052
1.8786533
1.7976282
1.8544308
1.8405094
1.8801496
1.8070881
1.8880794
1.8382094
1.8865006
1.8699467
1.7334687
1.7792919
1.7446976
1.8699808
1.8121393
1.9886748
1.8965794
1.869483
1.838324
1.8498726
1.833432
1.8284012
1.8705273
1.7764202
1.7691422
1.8083191
1.7988058
1.7436352
1.8891042
1.8970287
1.8575394
1.7722213
2.0214982
1.9675652
1.9463818
1.7284073
1.959514
1.684576
1.8010044
1.8503504
1.8700635
1.9059871
1.8814713
1.7471529
1.890887
1.8096832
1.8785875
1.7685311
1.9258505
1.7876177
1.7736489
1.9940004
1.9336631
1.9141798
1.908728
1.7815812
1.842398
1.8091244
1.9239666
1.9032757
1.726066
1.8674726
1.6132408
1.8987411
1.7602918
1.8756577
1.8517532
1.8132492
1.8113734
1.9360691
1.7556317
1.9551967
1.8342375
1.8951668
1.8238132
1.7253554
1.8143028
1.7926376
2.002121
1.7854755
1.8972652
1.911092
1.8287771
1.678772
1.7661003
1.9171259
1.7275347
1.7438371
1.8834251
1.8577408
1.8765446
1.8142315
1.9437224
1.76789
1.8494335
1.9231484
1.9306822
1.94463
1.9649312
1.9072975
1.834137
1.729121
1.8127213
1.87539
1.8761787
1.714551
1.7922592
1.9010007
1.8251102
1.6656303
1.7548912
1.8091437
1.8212948
1.9069964
1.9240148
1.6921818
1.9041789
1.7181082
1.7708893
1.6997855
1.827898
1.8308895
1.7547766
1.7414358
1.8479626
1.8821443
1.7517983
1.8075492
1.7154815
1.8548502
1.8820369
1.8162377
1.8153656
1.9251387
1.7945226
1.7711124
1.7637455
1.9678526
1.796702
1.7841438
1.7568852
2.0262454
1.8633839
1.8977001
1.693052
1.9578549
1.8407726
1.8384682
1.7526872
1.7705936
1.7704494
1.7887399
1.848847
1.8322865
1.8936682
1.9124324
2.0282128
1.8454819
1.8106445
1.8143127
1.8590553
1.9115521
1.847337
1.8791395
1.8521246
1.7787755
1.8593042
1.8077509
1.6728296
1.7902129
1.7624089
1.8566078
1.7242129
1.6824911
1.7686958
1.6884425
1.984718
1.7208103
1.7770802
1.991972
1.7571499
1.800235
1.8941164
1.8940254
1.9032784
1.8902016
1.7956746
1.8446842
1.8724245
1.7784612
1.8825638
1.7697241
1.61708
1.8179419
1.8373957
1.9088161
1.9768264
1.7463453
1.8581489
1.8588197
1.7804041
1.881319
1.8515809
1.9049317
1.9049559
1.8454899
1.9987478
1.8538344
1.7910347
1.9022386
1.8495941
1.8829933
1.7995285
1.8319355
1.7578293
1.7824227
1.8319172
1.8343662
1.7511959
1.6906474
1.9522018
2.0026603
1.7796713
1.8786438
1.9958067
1.7226212
1.8382866
1.8380712
1.9052277
1.7620274
1.9361435
1.8838568
1.7969573
1.9514358
1.8386024
1.886697
1.7930937
1.8538358
1.8192507
1.8098379
1.7451408
1.8472204
1.7307074
1.8972206
1.8490467
1.7788013
1.9009154
1.8101003
1.7884687
1.7785208
1.8357292
1.7564228
1.9347689
1.7656189
1.816914
1.8231528
1.8577642
1.7745956
1.8601853
1.884455
1.9560627
1.7565
1.9472177
1.8770672
1.8197196
1.8470694
1.8250854
1.7980932
1.8217995
1.9099236
1.9503777
1.8668305
1.8632584
1.788944
1.8409542
1.7051384
1.7638073
1.7522961
1.9470704
1.8785301
1.8092749
1.784144
1.7522091
1.795963
1.8171297
1.9057919
1.816935
1.9297323
1.8925655
1.8417047
1.7721536
1.8952271
1.8830669
1.9304405
1.9105971
1.8140281
1.7927777
1.9357296
1.7589514
1.7975204
1.8027947
1.8346212
1.7917904
1.8827517
1.7813022
1.7832066
1.9140774
1.8012488
1.5671225
1.9167092
1.8507872
1.7424052
1.7961013
1.7472155
1.7567635
1.8384459
1.7589405
1.7251084
1.7265539
1.9057087
1.7569622
1.8665826
1.841971
1.7659467
1.8266569
1.810722
1.838302
1.8909756
1.8287458
1.7538325
1.7683623
1.7390846
1.8452537
1.8852253
1.9205574
2.0100818
1.7304127
1.8765408
1.9470384
1.8381836
1.7653135
2.0566669
1.7703922
1.9015152
1.8428047
1.8222386
1.8138851
1.8302912
1.7329884
1.8384774
1.9852871
1.8602537
1.8560082
1.8408571
1.8055716
1.8143644
1.775966
1.964427
1.8144474
1.6243811
1.8607832
1.9090637
1.8619282
1.7370955
2.020802
1.7681758
1.9411167
1.8659918
1.8605448
1.7179022
1.8719046
1.8643687
1.8050086
2.012178
1.8400791
1.8198454
1.9382236
1.8196701
1.8400434
1.802602
1.7997278
1.7760473
1.8582586
1.697249
1.824865
1.6932533
1.7670273
1.8650643
1.7161539
1.9167683
1.753453
1.8481643
1.8878313
2.0470471
1.8326302
2.029934
1.8772014
1.7457653
1.9671562
1.7374372
1.8454812
1.827462
1.8010147
1.7202435
1.7944517
1.7601864
1.8396299
1.8456271
1.8830677
1.8315449
1.9010766
1.7538927
1.8030348
1.7851766
1.7548214
1.783737
1.7207075
1.8183769
1.6505768
1.8270891
1.8854373
1.74405
1.7733675
1.94002
1.7957962
1.8706032
1.9283116
1.7664769
1.8307931
1.7415974
1.8078926
1.8256563
1.8466285
2.001133
1.8839105
1.9248863
1.8968894
1.7861208
1.8094509
1.8936634
1.8824034
1.8595728
1.7590679
1.8396778
1.8970258
1.8749878
1.8497202
1.6745462
1.7551746
1.8579582
1.9286038
1.831472
1.886042
1.962642
1.8162969
1.8128201
1.7489903
1.8839147
2.0088596
1.7017529
1.7690912
1.9111173
1.8594396
1.8039625
1.9037374
1.8416916
1.8128859
1.7984167
1.7955033
2.028814
1.7924973
2.010599
1.8991247
1.8732262
1.7144315
1.8730215
1.8420146
1.8038048
1.9486662
1.9472353
1.8547571
1.975148
1.9222376
1.9674377
1.7682076
1.8608541
1.8851149
1.8886662
1.8280548
1.8127172
1.8227189
1.7826893
1.8427839
1.852912
1.8260622
1.796702
1.6566582
1.8168834
1.8892338
1.8628565
1.693331
1.8066288
1.8754727
1.8024864
1.8115879
1.7991245
1.7914066
1.8514411
1.8309326
1.73869
1.8944966
1.848274
1.7834381
1.929993
1.9154539
1.9450591
1.9108903
1.7936751
1.8154749
1.8044926
1.9586
1.7706515
1.7436035
1.920675
1.8295755
1.9233233
1.7806289
1.8546188
1.8238891
1.7549756
1.7195743
1.8612881
1.7212346
1.8542883
1.8867912
1.7524496
1.8258705
1.9734676
1.7180115
1.8324665
1.8209234
1.6868689
1.9175751
1.7997732
1.9743763
1.8355169
1.846101
1.9090792
1.8802761
1.9503567
1.8566328
1.752766
1.8177347
1.8099419
1.7202723
1.6945107
1.8119663
1.9941437
1.8703562
1.7950966
1.8759143
1.7765396
1.9122108
1.7169778
1.78219
1.7891423
1.8407259
1.7227681
1.8592098
1.691651
1.7380736
1.8423121
1.844697
1.8250921
1.8196433
1.9112737
1.8635458
1.7155039
1.8360445
1.7557434
1.6929238
1.911803
1.7540785
1.7138138
1.972141
1.8190094
1.8435373
1.9107211
1.7629299
1.9860166
1.8163126
1.913151
2.032024
1.7137272
1.8308417
1.852327
1.7204907
1.8987777
1.718291
1.9139054
1.839269
1.8802217
1.8189971
1.9018154
1.7901386
1.7105048
1.796208
1.8244445
1.7921245
1.7022455
1.8162887
1.896566
1.9197229
1.7474102
1.9397485
1.8113371
1.8268944
1.9306141
1.9402479
1.7872713
1.9355351
1.8620796
1.9189637
1.8886315
1.7482445
1.9071032
1.7408803
1.8050492
1.8375418
1.8202454
1.8397968
1.8834484
1.8410704
1.8926321
1.8305933
1.9471378
1.9072802
1.8466396
1.8599465
1.8069893
1.7709831
1.8096291
1.7709105
1.7988279
1.868144
1.7844784
1.8461891
1.7523705
1.8455765
1.6888958
1.8318493
1.8818741
1.7654089
1.9371481
1.8136532
1.9223082
1.7763535
1.6962051
1.8460338
1.7742646
1.7792976
1.8446119
1.9509909
1.7438313
1.8143835
1.8834845
1.7102072
1.7783554
1.7776005
1.9871956
1.8245852
1.821229
1.8142898
1.7780697
1.8331101
1.759868
1.8777832
1.8773568
1.6145662
1.806085
1.7623876
1.7576797
1.885096
1.7460102
1.8424495
1.6039419
1.7637179
1.8574371
1.8456358
1.8082654
1.7001932
1.8224993
1.7840891
1.8307844
1.8181257
1.9112842
1.8149421
1.8005104
1.9163888
1.772373
1.8898513
1.860688
1.8359296
1.7555759
1.8157037
1.8997675
1.9726636
1.7937216
1.7675797
1.8691276
1.6974709
1.7946268
1.788325
1.7478234
1.7631195
1.7920357
1.8371465
2.0058267
1.7977403
1.8433683
1.8013775
1.7347591
1.837594
1.8636427
1.9733967
1.8186743
1.6876495
1.8382626
1.7852058
1.7709014
1.7552513
1.8184445
1.8640671
1.9520012
1.8188181
1.847852
1.8127884
1.7963883
1.8808447
1.8143269
1.8750684
1.7588505
1.9101591
1.685528
1.8704312
1.8732752
1.7695248
1.9060814
1.8628199
1.8794603
1.9434359
1.8821684
1.7731968
1.8951944
1.982659
1.9397652
1.7977184
1.9335552
1.8249092
1.9065866
1.8527775
1.6990311
1.8605343
1.7398541
1.8926084
1.8436775
1.8133837
1.8011549
1.8226789
1.7560737
1.7580178
1.8505865
1.8613075
1.7262217
1.859976
1.8404772
1.7091755
1.8551061
1.9257689
1.8253078
1.8657339
1.695549
1.8476368
1.8438704
1.9451014
1.7828391
1.8904613
1.8345664
1.855093
1.839605
1.6447634
1.7973576
1.7715133
1.7200476
2.03412
1.8675315
1.9861667
1.9313236
1.8427508
1.8627926
1.9636494
1.8768848
1.744832
1.6344779
1.8725283
1.8699703
1.8162788
1.9028556
1.6791035
1.9785522
1.8799336
1.835432
1.9271625
1.7548673
1.8624951
1.7677513
1.8351762
1.8266716
1.7436354
1.8130413
1.9161584
1.7746665
1.7098167
1.812505
1.7991238
1.7660153
1.8279852
1.9227695
1.8491223
1.7198013
1.8073723
1.8603541
1.8990961
1.8897041
1.9136635
1.8060277
1.747596
1.8162959
1.7650877
1.83286
1.7867165
1.7694881
1.977946
1.8205459
1.7997293
1.8702915
2.0028234
1.7183691
1.792565
1.9305756
1.8566568
1.814889
1.7665308
1.6723061
1.685448
1.8293607
1.900541
1.8009933
1.8856344
1.8446162
1.78348
1.9269183
1.8366877
1.858543
1.9777778
1.8599122
1.790872
1.7490807
1.6707022
1.9602312
1.9775009
1.7929976
1.8699911
1.7914883
1.911302
1.9525449
1.8667339
1.7591298
1.9281985
1.8869352
1.8964592
1.76338
1.7563025
1.8161358
1.9336786
1.7742211
1.9435726
1.9421921
1.9788415
1.8777069
1.7178386
1.8393428
1.8271881
1.9073864
1.8871593
1.9199431
2.0196075
1.8425614
1.92304
1.8747047
1.8893623
1.9106672
1.7889159
1.936517
1.908716
1.5902369
1.8810902
1.9423444
1.787973
1.8247473
1.8617289
1.8617836
1.7047771
1.8262688
1.854263
1.8006525
1.7754242
1.8476121
1.8610102
1.6997961
1.8993886
1.9177529
1.8768203
1.878598
1.9351496
1.8772224
1.6860836
1.8221525
1.9720337
1.8108183
1.8609921
1.8125015
1.7341931
1.8036089
1.9095701
1.8673217
1.8285955
1.8297234
1.8019199
1.9253504
1.8686869
1.8545561
1.7651215
1.8057365
2.0158937
1.8272955
1.9764225
1.8105257
1.9987004
1.9080219
1.7919884
1.7890612
1.878741
1.8354324
1.8173555
1.671656
1.9171894
1.7921898
1.7781427
1.9127518
1.7576662
1.8693953
1.7880242
1.8375032
1.8096575
1.8625147
1.8222611
1.7730618
1.7992414
1.7697634
1.742892
1.8924984
1.9971828
1.8041322
2.0561318
1.8497492
2.040967
1.8034195
1.7321508
1.900932
1.9221599
1.9368664
1.9264424
1.7782513
1.8152721
1.8339065
1.9248425
1.8958591
1.8956354
1.7591102
1.7237213
1.7505451
1.8142258
1.7267106
1.792548
1.8545519
1.8591204
1.9075603
1.8502531
1.8644009
1.8463211
1.8814617
1.9223785
1.873637
1.7325261
2.0058165
1.848477
1.7798868
1.8693708
1.82505
1.758249
1.7940452
1.8329884
1.9336364
1.7476044
1.8943799
1.8081753
1.7879846
1.7570536
1.6960224
1.8609924
1.8846519
1.8770901
1.7703292
1.7312332
1.6956828
1.8636711
1.8582771
1.8060166
1.9421285
1.930521
1.9231685
1.8183889
1.773865
1.7775583
1.9571903
1.8111696
1.6453807
1.8576386
1.9626379
1.8250974
1.8733151
1.7965208
1.8135818
1.9440657
1.8166721
2.0478034
1.8587449
1.7625389
1.8052642
1.8722973
1.8831589
1.7951801
1.7743948
1.8913777
1.665736
1.8288676
1.8354044
1.9356797
1.7499253
1.8540363
1.8332542
1.6636254
1.9330375
1.9909061
1.7280846
1.8532642
1.8943808
1.6893835
1.7207842
1.8233297
1.8154843
1.8157322
1.7633613
1.7813078
1.8731346
1.9397348
1.761378
1.8465204
1.7705109
1.7395073
1.7562501
1.8983638
1.7814919
1.7570047
1.9038365
1.8771527
1.7182295
1.7976128
1.7411339
1.755482
1.8596218
1.760719
1.6448987
1.8455166
1.7234814
1.8579916
1.7944819
1.7682755
1.9255146
1.8006516
1.8102049
1.8794019
1.6746687
1.8255516
1.8270248
1.7696283
1.8081932
1.7997013
1.8295498
1.8219731
1.7615191
1.8600067
1.9017735
1.7398161
1.8050703
1.6853373
1.7449169
1.8921913
1.7293327
1.969086
1.7349688
1.8772221
1.7687075
1.7457933
1.9398277
1.7741299
1.8409897
1.7910564
1.7944515
1.8878473
1.7969948
1.8375838
1.8821638
1.7622017
1.7472378
1.8876154
1.8532921
1.820893
1.8598509
1.9177291
1.8708147
1.9942843
1.9467045
1.9095081
1.7879779
1.9630554
1.7973659
1.7785523
2.0324955
1.9891653
1.9344155
1.8329824
1.7985027
1.6665361
1.8137566
1.8804926
1.9360931
1.8107731
2.011361
1.9465332
1.8786469
1.8657681
1.8754982
1.7634315
1.8948866
1.8041462
1.8693529
1.7559164
1.8523169
1.6475642
1.9154514
1.8348833
1.8031241
1.8655732
1.8810743
1.8067402
1.7283942
1.8298693
1.9414381
1.7781187
1.8058122
1.8992611
1.904604
1.7810848
1.819855
1.9772393
1.7620167
1.7669594
1.8635724
1.7234304
1.8744062
1.7401667
1.9523604
1.8560727
1.8922344
1.8854511
1.8543751
1.8706077
1.8692272
1.7540277
1.7727104
1.8079182
1.8161771
2.0309193
1.648789
1.9713376
1.7738693
1.7923706
1.8189043
1.8261951
1.8746732
1.924794
1.7938821
1.8971783
1.9366758
1.8595263
1.9649128
1.9158947
1.8269104
1.8531673
1.7263892
1.7012885
1.8801101
1.7853152
1.7687652
1.8388889
1.8346504
1.9223629
1.8417418
1.8301113
1.9653832
1.921478
1.9475588
1.8946266
1.8212944
1.749391
1.6884584
1.759689
1.7734417
1.795687
1.5818646
1.7645357
1.9331716
1.9782994
1.8450124
1.7871164
1.98097
1.6947982
1.9092219
1.880122
1.8513324
1.7578653
1.8683525
1.8463405
1.6832621
1.7435545
1.7612413
1.7219902
1.7794349
1.864597
1.7053398
1.8883759
1.7365882
1.8225015
1.7920873
1.8153967
1.9310747
1.8434546
1.8229212
1.8348125
1.8862221
1.6885153
1.8785374
1.7651815
1.8263447
1.9047196
1.7411293
1.6762956
1.6620486
1.7581584
1.8019521
1.8927193
1.8342975
1.8276812
1.8340626
1.8309605
1.8529857
1.8240364
1.8033056
1.7953428
1.7343633
1.8434044
2.007675
1.8248196
1.839875
1.7708619
1.7828853
1.9037654
1.7034088
1.8337986
1.640372
1.6856171
1.8613455
1.808459
1.8874222
1.9097303
1.7992392
1.7940899
1.926611
1.8611857
1.7802191
1.8544992
1.8086481
1.8978806
1.7491529
1.7837136
1.9152944
1.8286035
1.8056743
1.9055531
1.831897
1.6978204
1.8844465
1.8089718
1.7573379
1.8902309
1.9922788
1.8259722
1.792663
1.7859436
1.8154571
1.8607872
1.8229443
1.8323915
1.8255568
1.8360552
1.7824967
1.8794571
1.7760159
1.8062614
1.8332708
1.7460825
1.8219255
1.9516346
1.7823826
1.7915714
1.7385696
1.7288892
1.86714
1.7087406
1.75781
1.847625
1.8070421
1.8666947
1.7852585
1.9005938
1.8410736
1.9649483
1.775184
1.7973219
1.8183123
1.8079777
1.7692916
1.6982006
1.7893455
1.8804724
1.7954128
1.7159697
1.7239914
1.8529555
1.7893451
1.9061775
1.8471569
1.8410771
1.9351501
1.8121408
1.8048071
1.8016647
1.7663076
1.783762
1.9051129
1.7543428
1.7939832
1.6904091
1.7849296
1.8318943
1.7106457
1.7061081
1.9262031
1.852905
1.6830177
1.7981625
1.8711113
1.7001925
1.7907292
1.660763
1.895004
1.8795706
1.8313698
1.9146649
1.7514379
1.80255
1.8791959
1.8882306
1.7347828
1.8360714
1.9691643
1.7272419
1.7117771
1.8132489
1.8640232
1.7472007
1.8598042
1.9040352
1.7617283
1.7276303
1.7759812
1.9570949
1.7200716
1.7646126
1.7392794
1.7789409
1.8706837
1.8035761
1.7673385
1.7359987
1.7983809
1.8122177
1.9176178
1.7673115
1.8800695
1.7630438
1.7362354
1.9127953
1.9687862
1.8277308
1.9035057
1.8034931
1.8478317
1.8342488
1.9396168
1.7315619
1.8358583
1.9574667
1.6915905
1.7893254
1.7703022
1.8723981
1.7762649
1.6965574
1.805529
1.888031
1.8122263
1.803838
1.7804403
1.8134487
1.8334148
1.7620262
1.9743187
1.7125458
1.9262493
1.8649374
1.8491509
1.7065121
1.6698866
1.8840811
1.755674
1.7688134
1.7964703
1.8440316
1.9091896
1.7857997
1.8245726
1.8189414
1.9744828
1.8362259
1.9044111
1.7843506
1.8160537
1.8364805
1.7557304
1.8948658
1.9299358
1.8162771
1.93125
1.8116729
1.6719223
1.8963512
1.8572191
1.781483
1.7935416
1.7431357
1.8836868
1.6702998
1.9096012
1.947292
1.8447464
1.8274996
1.9101746
1.778849
2.024177
1.9985645
1.9683918
1.8755562
1.8853375
1.9244591
1.7207922
1.9205253
1.7991717
1.9167312
1.7521136
1.7906883
1.8357255
1.833403
1.9486625
1.7948412
1.8514879
1.8222733
1.8151684
1.8041534
1.7915399
1.868709
1.8606644
1.8355545
1.8147999
1.848472
1.8651463
1.837146
1.7167027
1.7767559
1.8581026
1.7810745
1.7679307
1.8629802
1.7124649
1.7670605
1.7059091
1.9289554
1.7976503
1.7303826
2.041183
1.9605529
1.6218323
1.8689735
1.7982922
1.8004583
1.8039516
1.7584896
1.6843917
1.8117487
1.9597727
1.9217682
1.9548985
1.9131178
2.0635676
1.9908249
1.9156128
1.8822256
1.7683837
1.964044
1.8996872
1.8458052
1.6786492
1.7706254
1.9187311
1.7748172
1.8278217
1.7126949
1.789424
1.8427773
1.782992
1.7796768
1.8696477
1.6815794
1.7987057
1.8767347
1.7889602
1.9903657
1.8025961
1.7343954
1.6535149
1.803097
1.8061516
1.8169839
1.8704284
1.9124533
1.761672
1.8219858
1.9303427
1.8710425
1.8088396
1.8922083
1.9446945
1.9472498
1.7157453
1.8256311
1.9741528
1.9182507
1.8319461
1.7943957
1.8301885
1.9551262
1.8519859
1.8854892
1.784838
1.8449438
1.6925678
1.8944801
1.791815
1.8569248
1.7326101
1.8289598
1.7730262
1.7446098
1.7680457
1.9166543
1.8149154
1.8875281
1.8938564
1.6691658
1.8816506
1.7776287
1.744779
1.8421736
1.8400538
1.7926012
1.7093287
1.7291847
1.9240633
1.7979224
1.8831936
1.7860024
1.770772
1.8760068
1.7794142
1.9171025
1.7765684
1.8630464
1.8670276
1.8030504
1.8234905
1.9308517
1.9407785
1.9056559
1.7902867
1.8576777
1.7970775
1.9038346
1.8399502
1.8520209
1.7793782
1.7571602
1.6849163
1.7966032
1.7669426
1.8120438
1.7736105
1.7724825
1.8177198
1.7744461
1.8153427
1.84793
1.8062918
1.8129466
1.8361616
1.8925247
1.8571103
1.8169578
2.0029223
1.8577518
2.046382
1.7864819
1.8576167
1.8869041
1.7325605
1.9736019
1.7374538
1.970824
1.7704281
1.7472241
1.7662735
1.8984432
1.837869
1.9153515
1.9060026
1.8504683
1.840913
1.8721367
1.7803322
1.6563135
1.818846
1.8064216
1.9361137
1.7485832
1.8161227
1.8794632
1.7453463
1.7710514
1.7597091
1.7281682
1.9000019
1.9722532
1.7989925
1.7392428
2.0118628
1.7281317
1.8868061
2.0180457
1.844862
1.7355512
1.8361391
1.8026415
1.8265724
1.7046216
1.9136984
1.7572262
1.8142147
1.8119686
1.675471
1.7661966
1.9552181
1.8402865
1.6292112
1.8237139
1.8433901
1.7724785
1.8342842
1.8770682
1.7274249
1.7068479
1.7837412
1.6148176
1.8248723
1.7772782
1.7153553
1.774424
1.8904941
1.7900121
1.7661164
1.7433398
1.7628441
1.8600423
1.7691834
1.8707625
1.7807744
1.7620428
1.8210976
1.7003685
1.7911396
1.8345371
1.9175155
1.8130745
1.8052438
1.6984091
1.714084
1.7461094
1.8054606
1.792279
1.9982121
1.8054974
1.9189241
1.8418424
1.9135215
1.7313747
1.7811588
1.7583662
1.9246042
1.898401
1.8592561
1.7612423
1.9678028
1.746814
1.8894291
1.7159116
1.8814003
1.8538322
1.7349527
1.9907671
1.9223881
1.7041047
1.7299455
1.7877777
1.7266337
1.8542302
1.8257478
1.9204448
1.8388764
1.8736773
1.8357807
1.7577851
1.7641766
1.7425932
1.7427623
1.7416914
1.854413
1.8892806
1.8683525
1.790713
1.8188003
1.7283571
1.8882834
1.7423017
1.7022352
1.7041042
1.8250415
1.8112282
1.8742021
1.9308565
1.8269066
1.8362194
1.7815826
1.9032266
1.846184
1.645813
1.8059489
1.6957554
1.9615395
1.7920227
1.8520603
1.8390335
1.8366648
1.8134619
1.830389
1.8506542
1.7174289
1.8146503
1.8478925
1.8860441
1.6814655
1.8572366
1.895229
1.8157585
1.8989534
1.9335258
1.9150149
1.7128557
1.7943423
1.8851836
1.8282496
1.7954041
1.8701246
1.7769493
1.8887438
1.91194
1.7541807
1.925938
1.8252968
1.8093917
1.8780314
1.8244241
1.7693304
1.7099292
1.7747042
1.871835
1.8382483
1.8297325
1.9026337
1.7632959
1.773061
1.9395447
1.8531603
1.8388188
1.7050041
1.7486925
1.9054651
1.9278342
1.8358603
1.7862581
1.8875223
1.8927987
1.8440621
1.7990738
1.823025
1.8076458
1.8621624
1.7942349
1.9390314
1.8337168
1.8445961
1.6893809
1.7338517
1.8782866
1.7878816
1.7756141
1.9317039
1.7945349
1.7376316
1.6778246
1.8402491
1.8338912
1.7564389
1.8572524
1.8950498
1.8829302
1.8130004
1.6800003
1.9199489
1.8484634
1.8416431
1.8675591
1.9989551
1.7460711
1.7484958
1.6701409
1.961989
1.7848575
1.6819067
1.8890702
1.9398499
1.9293826
1.9341362
1.8476137
1.8036735
1.9022858
1.7965267
1.8769985
1.7764094
1.8362557
1.8593365
1.9003433
1.8275928
1.7758248
1.7746999
1.790273
1.9535472
1.8303139
1.7059733
1.8633206
1.8385464
1.7304754
1.7597771
1.8735857
1.8612158
1.8933185
1.939099
1.7757276
1.8042765
1.7401218
1.7907832
1.8679085
1.9051056
1.6866277
1.8087887
1.8321571
1.5842907
1.8482008
1.8120838
1.9789734
1.985316
1.7779852
1.6921654
1.8063834
1.983258
1.8798468
1.7923324
1.7142506
1.6252947
1.8968499
1.929888
1.9620386
1.8967117
1.8274162
1.790842
1.8022636
1.9406713
1.8919159
1.7190981
1.8046176
1.8165257
1.9343113
1.7498672
1.7997316
1.7467448
1.8277175
1.9687961
1.7708219
1.8804239
1.8410257
1.9944613
1.9209015
1.7741762
1.7858849
1.8189694
1.9268081
2.09338
1.7128267
1.8482025
1.788097
1.7348776
1.6956896
1.7087643
1.7941986
1.7890599
1.8986816
1.8990961
1.7809528
1.8880692
1.7468135
1.8413236
1.9133154
1.6864464
1.9410797
1.992976
1.7155964
1.8770952
1.750211
1.7965046
1.978336
1.8474743
1.7271599
1.8051884
1.8291733
1.7659632
1.841848
1.8788477
1.8437471
1.8297882
1.8564961
1.9064453
1.9162872
1.8121264
1.8178265
1.8257624
1.8303022
1.926411
1.7992496
1.7707943
1.8776985
1.813633
1.8300059
1.6545763
1.6892573
1.7459881
1.7836096
1.9252398
1.7905788
1.8528798
1.8426821
1.7383063
1.8503765
1.9077122
1.8877265
1.8602158
1.7473719
1.8777395
1.8208202
1.8103478
1.7782261
1.8930233
1.9621865
1.892828
1.8274215
1.7765663
1.7918905
1.751322
1.7624487
1.8082994
1.8455303
1.8161694
1.7703499
1.9580166
1.8999264
1.8819021
1.855356
1.7892145
1.8810155
1.8007075
1.7889773
1.8706115
1.7671934
1.8496697
1.8488691
1.8185762
1.7032083
1.7451462
1.920325
1.7610168
1.9436947
1.7210785
1.8398612
1.8808457
1.865778
1.6888635
1.8681676
1.7154038
1.8549343
1.8342339
1.9218605
1.922233
1.6778996
1.6411079
1.8138727
1.8685968
1.8290102
1.9165943
1.797459
1.7872896
2.0342562
1.8243252
1.8762095
1.7489071
1.8486803
2.0118098
1.835315
1.9114147
1.7967026
1.8363558
1.7621791
1.7435083
1.8699331
1.7608573
1.8719479
1.8209299
1.9224333
1.9376417
1.8858626
1.8910372
1.8823382
1.8515068
1.72388
1.8142172
1.9347324
1.7924694
1.6204153
1.9428957
1.7067516
1.8214525
1.7833773
1.8648869
1.832196
1.6282804
1.8724575
1.742041
1.8935776
1.9257767
1.8316314
1.8635197
1.8058269
1.7523568
1.7740961
1.7828436
1.8328695
1.7858404
1.7583663
1.7988999
1.9385331
1.8126137
1.8861334
1.9776821
1.700732
1.8336006
1.866489
1.8365539
1.9179615
1.8006318
1.7790871
1.8344564
1.829766
1.7988293
1.8507408
1.9333475
1.6912031
1.7563198
1.8664553
1.7572167
1.8149904
1.7990774
1.8540351
1.8001655
1.780741
1.7865562
1.9661041
1.8322666
1.8153673
1.8478285
1.789553
1.9219643
1.8668381
1.7118448
1.8093504
1.7351291
1.6919944
1.7742935
1.8924923
1.7261703
2.0060573
1.8170042
1.8188213
1.8858331
1.8511823
1.7873338
1.8455343
1.8818918
1.7559057
1.8585298
1.7439722
1.8914559
1.7389004
1.8613775
1.8363953
1.7938913
1.8603157
1.8934414
1.8251747
1.9285581
1.9003057
1.8254025
1.6649706
1.8966967
1.846741
1.7763039
1.8810577
1.9127519
1.8739746
1.7484019
1.7752844
1.879405
1.7168922
1.6642672
1.7848151
1.8178966
1.9363797
1.5998541
1.7650206
1.822156
1.7929757
1.8475167
1.8286041
1.756398
1.7104628
1.8442509
1.8559612
2.0197968
1.6757414
1.7490504
1.8161911
1.9252275
1.7945496
1.8174136
1.821661
1.900477
1.9465477
1.9075836
1.8646231
1.8292167
1.8598896
1.6641251
1.8425548
1.845643
1.8510878
1.9233263
1.8741825
1.7777605
1.787377
1.8814163
1.7840421
1.829818
1.8285372
1.772752
1.8264306
1.9661156
1.6950312
1.8627119
1.7273006
1.9387289
1.8963366
1.8799207
1.7920258
1.809075
1.7529259
1.7848774
1.8112543
