9.903543
4.6028957
4.5771303
3.8279812
3.499023
3.3549938
3.3849525
3.1195683
2.9552727
3.008903
2.8692448
3.020442
2.8216152
3.0520914
2.7720284
2.8407936
2.8066382
2.663907
2.8951724
2.8565986
2.8081198
2.865179
2.955976
2.5338047
2.8860533
2.6470516
2.609734
2.6903691
2.7508688
2.7666886
2.5038903
2.7729254
2.738042
2.654994
2.7637696
2.7277718
2.649968
2.7920992
2.609329
2.7711716
2.6182961
2.6403732
2.5186172
2.5639231
2.5726953
2.5579762
2.4251926
2.5913355
2.5075223
2.389076
2.71462
2.5563178
2.5899594
2.4779177
2.523271
2.3603535
2.3177667
2.6647065
2.4728682
2.4678426
2.6123505
2.3460937
2.427969
2.404427
2.6685297
2.6373127
2.494091
2.599086
2.4365454
2.4825332
2.4440238
2.365995
2.5917587
2.7228522
2.4109824
2.5981238
2.4136486
2.3887959
2.5305667
2.4369407
2.5259347
2.5378416
2.5075996
2.5386555
2.4895537
2.3549879
2.427967
2.3995776
2.5957475
2.4298434
2.4351177
2.5634303
2.4259255
2.3308938
2.4523044
2.4693375
2.4938817
2.6049721
2.5271301
2.4674592
2.3322194
2.6054704
2.2924087
2.528939
2.5477324
2.5438778
2.6119025
2.5266695
2.37365
2.7438622
2.3879864
2.3400602
2.5588145
2.5639284
2.3952758
2.431984
2.396526
2.5493689
2.5897624
2.574564
2.312526
2.4425864
2.426785
2.4071727
2.5894074
2.3902888
2.40422
2.3866763
2.4896908
2.4285972
2.4444053
2.4560528
2.5260043
2.4172778
2.4107926
2.3144846
2.4218047
2.4314077
2.4518008
2.5034604
2.4878876
2.460169
3.6491997
2.6787486
2.4836469
2.5708194
2.4319186
2.3672223
2.521288
2.3444304
2.5521967
2.4337792
2.1792982
2.6930978
2.295674
2.3368223
2.4446652
2.4369755
2.473871
2.5236359
2.5664754
2.397365
2.5914874
2.2648854
2.310121
2.4295642
2.2738657
2.267166
2.4016547
2.3203826
2.324277
2.6171763
2.2581875
2.4209514
2.4616246
2.3657732
2.2813609
2.5092976
2.4479356
2.3918197
2.4267454
2.3502095
2.4490752
2.2997983
2.4212239
2.304537
2.4462147
2.4670272
2.3085105
2.248307
2.1507118
2.3090801
2.508967
2.4376092
2.3707087
2.5436082
2.56212
2.261579
2.2797008
2.411131
2.3677616
2.352127
2.395734
2.5524
2.4741483
2.3045597
2.420382
2.3861892
2.3914466
2.3395715
2.264834
2.4763367
2.507919
2.2928987
2.306086
2.3865035
2.4293923
2.3090196
2.332481
2.493272
2.2597039
2.4874616
2.4246843
2.2875037
2.4141557
2.3651278
2.2911694
2.3894563
2.4130435
2.4105773
2.3400502
2.4299757
2.3741155
2.2851224
2.2605534
2.3106282
2.3996358
2.4333541
2.4321942
2.3837159
2.3743854
2.3772128
2.4536345
2.3457475
2.2854698
2.4261367
2.4992337
2.247966
2.4044366
2.3680863
2.4858449
2.2757561
2.2324936
2.356701
2.2370677
2.3445163
2.3823967
2.2469134
2.2381072
2.3178172
2.2777944
2.3725517
2.303287
2.3797536
2.4598467
2.3287039
2.2849286
2.355416
2.483977
2.3995378
2.3524354
2.224711
2.199094
2.309888
2.2008648
2.4781318
2.3415048
2.470695
2.398112
2.3920054
2.2538838
2.2638535
2.4460554
2.4037457
2.750268
2.5853755
2.4086738
2.3040187
2.3502223
2.4671776
2.3617692
2.446196
2.476569
2.332335
2.2170398
2.3675036
2.5002735
2.565212
2.4282827
2.2236784
2.4199576
2.5579271
2.2087474
2.288194
2.125235
2.2723012
2.3287473
2.2362494
2.1837518
2.5194297
2.265679
2.1971612
2.3093717
2.3901558
2.470091
2.412405
2.314957
2.3092713
2.2835054
2.2770848
2.338115
2.2860446
2.3161888
2.307444
2.3920078
2.2336955
2.4412878
2.6660838
2.3794684
2.247744
2.40654
2.3055165
2.3845687
2.3790088
2.3008811
2.344331
2.4889936
2.3178053
2.3737137
2.3793912
2.4667475
2.3448703
2.377303
2.3978686
2.1846273
2.0471387
2.4014323
2.4661298
2.1778893
2.6405396
2.2714322
2.40173
2.4694571
2.3071282
2.247449
2.162616
2.4258606
2.3130245
2.3841577
2.0389404
2.2462108
2.289928
2.3355482
2.3294966
2.4324672
2.247559
2.365165
2.2619247
2.4811423
2.453879
2.3197312
2.3848317
2.241712
2.4334414
2.351707
2.278067
2.2900562
2.2345903
2.3242197
2.1467547
2.485665
2.538035
2.4138443
2.3673391
2.2870498
2.3906531
2.2995422
2.1067135
2.5238433
2.2161884
2.458012
2.360289
2.237132
2.2756934
2.3618338
2.5228417
2.279018
2.285091
2.2336476
2.344108
2.302977
2.335897
2.3723152
2.2948747
2.4807096
2.344061
2.1566207
2.4551315
2.2699823
2.3970435
2.2771873
2.5297728
2.3766782
2.488152
2.4121976
2.3920417
2.2754757
2.2114246
2.4867384
2.2147412
2.2633574
2.4642444
2.483831
2.3293366
2.348179
2.2173612
2.4712725
2.5476253
2.2872849
2.3088803
2.3213964
2.3051364
2.4388442
2.4651089
2.2724342
2.2258897
2.4711754
2.2475421
2.217362
2.3537128
2.3122258
2.2453527
2.4688716
2.41559
2.2194972
2.3000607
2.3968422
2.5150325
2.193027
2.5390236
2.2757735
2.236014
2.3973386
2.1458254
2.2676055
2.233153
2.3489883
2.5567646
2.1478438
2.410921
2.667518
2.4763827
2.319954
2.2966955
2.3838086
2.3415332
2.2946808
2.3343399
2.2630005
2.2527528
2.2559152
2.3137565
2.2931798
2.249029
2.5507617
2.2549324
2.214558
2.1506255
2.387563
2.4043088
2.2768607
2.3155239
2.2689888
2.239319
2.3650584
2.277292
2.289411
2.3377352
2.5228047
2.5644608
2.3506267
2.3638606
2.2386997
2.4603093
2.3674493
2.2246091
2.3352666
2.3522925
2.2382607
2.2219293
2.4439774
2.6027875
2.3846269
2.3450437
2.420558
2.3681264
2.3796923
2.2146468
2.3234334
2.217752
2.2530415
2.3278673
2.279547
2.2037666
2.30353
2.1927392
2.433065
2.310184
2.423079
2.3899627
2.3258507
2.3450987
2.0155556
2.3807464
2.4321792
2.2791753
2.3750014
2.440033
2.3917637
2.5012672
2.4379392
2.4040892
2.4243789
2.3331769
2.2892013
2.3541043
2.228825
2.1663146
2.3026536
2.2895217
2.3513477
2.1027427
2.1895008
2.306614
2.482552
2.2056823
2.3315616
2.285349
2.3689334
2.2223084
2.3204257
2.389523
2.3914545
2.3333576
2.2624202
2.14099
2.564098
2.388687
2.3826604
2.354585
2.300372
2.4467704
2.2732332
2.4497309
2.448475
2.174211
2.3670018
2.0644472
2.62193
2.3603373
2.2049754
2.4976783
2.3635447
2.2782104
2.2694533
2.328071
2.3716207
2.4199913
2.6237237
2.1843474
2.290945
2.4058776
2.3030865
2.3903966
2.331448
2.300386
2.2622268
2.2572074
2.126598
2.556123
2.2655764
2.2305145
2.2017078
2.4570777
2.2693334
2.377575
2.136417
2.1873164
2.3434365
2.479271
2.4885297
2.3279386
2.2844262
2.2839534
2.3725188
2.6192656
2.3995132
2.2955308
2.5345678
2.3687053
2.4562242
2.4029806
2.514993
2.2696497
2.264726
2.2632532
2.27817
2.302444
2.4568782
2.3992476
2.3732278
2.4123166
2.4343467
2.2107947
2.507578
2.4001985
2.0994804
2.3774114
2.538424
2.4984303
2.2712638
2.362057
2.2222936
2.4617076
2.3357754
2.5857067
2.3804708
2.253735
2.684386
2.2763758
2.2745547
2.3025413
2.3863034
2.2795005
2.434965
2.295055
2.4874492
2.291947
2.3788848
2.3626492
2.6290944
2.3345745
2.2591472
2.4480855
2.395412
2.3215377
2.3529434
2.2786303
2.3915298
2.3238385
2.443082
2.2720578
2.134399
2.3972235
2.3663685
2.2173774
2.3795033
2.2137008
2.3524418
2.5489764
2.475263
2.3253505
2.194267
2.3754008
2.3815007
2.3685641
2.150616
2.2982185
2.3369243
2.5681283
2.3372982
2.2080512
2.368667
2.3757958
2.2790036
2.3931677
2.352569
2.1265006
2.4671884
2.3823638
2.240088
2.2297964
2.2218556
2.1754875
2.3418078
2.452228
2.2815652
2.1782794
2.521174
2.3585014
2.3651762
2.3518271
2.3847423
2.3381858
2.2517388
2.1417713
2.2787004
2.3615081
2.4215276
2.301826
2.6098166
2.411405
2.3893273
2.3212273
2.1560607
2.372172
2.3092675
2.4201334
2.0821614
2.2988942
2.359385
2.4203296
2.158222
2.227673
2.4450114
2.2722192
2.6046615
2.3139343
2.3487453
2.4065852
2.1061778
2.2436109
2.246799
2.4580326
2.3651595
2.3627863
2.365736
2.0967765
2.24387
2.265757
2.441133
2.385556
2.2062497
2.2130518
2.2169912
2.3916302
2.2595553
2.3265364
2.2248921
2.3921127
2.162045
2.342239
2.4002988
2.304542
2.337239
2.1459553
2.2866104
2.336661
2.0665517
2.2141333
2.301659
2.3490343
2.2766278
2.1798358
2.2321956
2.3526335
2.3721817
2.3841116
2.4326859
2.2607853
2.4095256
2.4808764
2.2964597
2.3620517
2.516338
2.2367802
2.3234818
2.3818803
2.3900535
2.2018275
2.2340455
2.104499
2.1834989
2.427866
2.2544487
2.3408856
2.3603027
2.1536725
2.1920624
2.3193574
2.331162
2.502469
2.3314073
2.428557
2.409245
2.3418555
2.2959073
2.194753
2.1341813
2.3188598
2.286617
2.2853773
2.197545
2.252362
2.1022477
2.216313
2.2673037
2.1205735
2.5180562
2.303985
2.2458487
2.2012258
2.2821393
2.3007092
2.3884
2.270473
1.9511311
2.4234116
2.4103494
2.2227964
2.3012574
2.2854931
2.4353955
2.3176394
2.2724602
2.1511025
2.4396985
2.323896
2.227453
2.2856102
2.3698971
2.382286
2.4447773
2.3493438
2.2851355
2.1936414
2.1188529
2.3365207
2.203711
2.2771544
2.3766246
2.4122462
2.2472758
2.2440267
2.2570298
2.4381404
2.38432
2.1676555
2.1603737
2.4398556
2.3725839
2.3914578
2.5091
2.1602263
2.2053943
2.280106
2.4072628
2.4504201
2.3178906
2.3915112
2.0452266
2.3663108
2.3785453
2.298561
2.1873155
2.1471915
2.3196187
2.24026
2.1773474
2.3989277
2.5576847
2.3686204
2.3696294
2.278682
2.1516194
2.3801491
2.1892936
2.3957467
2.408854
2.216549
2.3545108
2.382776
2.2538087
2.2744184
2.3524356
2.3308418
2.2734966
2.3067238
2.1242545
2.2671552
2.255701
2.4675848
2.2858682
2.3397098
2.30675
2.218832
2.1420712
2.3610985
2.2460632
2.2607226
2.300736
2.3910377
2.40173
2.2680976
2.3554688
2.336962
2.2408504
2.2208877
2.3740742
2.2940297
2.149533
2.3266401
2.2800608
2.3929842
2.2693276
2.3589425
2.2115903
2.2710679
2.2309868
2.3697197
2.26328
2.3172555
2.242172
2.2150598
2.2205746
2.2895532
2.3009477
2.3198981
2.0989614
2.4281116
2.2846155
2.2519846
2.4265745
2.4089212
2.2663553
2.4620438
2.2298386
2.4885921
2.212943
2.2599802
2.3344977
2.1653435
2.4188318
2.3702521
2.3132815
2.4303057
2.2569866
2.4857419
2.2000978
2.5599537
2.3165097
2.3644507
2.2936234
2.3627348
2.285335
2.357652
2.1728761
2.3963928
2.3013082
2.2411737
2.3523517
2.2692108
2.3399386
2.3424942
2.242762
2.2754226
2.3157039
2.2342296
2.2231627
2.4161155
2.4351037
2.3841465
2.1368701
2.3915896
2.5662906
2.262179
2.2797146
2.44066
2.324458
2.317636
2.4551136
2.4692266
2.5340242
2.228005
2.3698144
2.4956908
2.23014
2.2551694
2.3505623
2.163818
2.270245
2.3347285
2.284554
2.3589394
2.4191585
2.4615495
2.2950869
2.1923757
2.3216603
2.3399143
2.3481593
2.2834928
2.3787293
2.2911525
2.2821703
2.2632523
2.3189685
2.4636257
2.3862965
2.3270621
2.307971
2.3073416
2.4074314
2.373856
2.372149
2.416422
2.4054139
2.2282681
2.3404033
2.2625206
2.2832537
2.1927285
2.325178
2.3092055
2.1311297
2.269864
2.492126
2.2986426
2.5112987
2.3638568
2.4174569
2.3285587
2.3475575
2.3121822
2.301003
2.3085709
2.2832444
2.2764487
2.2523198
2.4201176
2.2523856
2.2307107
2.353297
2.2020075
2.3296747
2.1744037
2.3849201
2.182127
2.4796875
2.2875848
2.2650664
2.1922565
2.4869065
2.3919046
2.346255
2.4336638
2.3468428
2.7447562
2.4238722
2.322132
2.483597
2.3652215
2.2943769
2.5201488
2.2525952
2.3335614
2.1069667
2.4358156
2.2968142
2.2171903
2.414559
2.1504111
2.189259
2.3625286
2.3348603
2.161311
2.2712903
2.47049
2.031944
2.3571668
2.3684328
2.5562572
2.0338397
2.5475507
2.2863548
2.3578033
2.2955222
2.2996285
2.271645
2.2080338
2.1719685
2.1321368
2.3379292
2.208158
2.4226432
2.2091098
2.465035
2.3197112
2.161601
2.2799296
2.2852783
2.2801838
2.6547966
2.2076232
2.3915133
2.433748
2.2794833
2.3882937
2.361385
2.0978742
2.3413842
2.3589168
2.1600227
2.4297938
2.176464
2.330954
2.1234167
2.244676
2.1503148
2.2411227
2.2769017
2.2317579
2.3466678
2.5460372
2.354246
2.3554416
2.1876893
2.1690145
2.2505894
2.4394338
2.1382253
2.205905
2.1954951
2.3337932
2.4308057
2.215444
2.6862838
2.1447604
2.3803468
2.4607005
2.2602315
2.3121765
2.3384385
2.1061199
2.2865384
2.1943176
2.3656743
2.1615798
2.3020108
2.309847
2.2850957
2.4175344
2.2401395
2.229476
2.2347083
2.4688604
2.2756388
2.193186
2.4212296
2.3382552
2.3840122
2.1452487
2.229025
2.1193633
2.4487329
2.2285726
2.3628101
2.2553315
2.1913254
2.3297334
2.3581958
2.3433526
2.2921755
2.3248007
2.191258
2.2079096
2.3394952
2.4554782
2.3406167
2.3487258
2.2239687
2.2415123
2.5708485
2.4670568
2.1372924
2.2240183
2.2772672
2.3386607
2.275045
2.4308414
2.2550867
2.1305566
2.3602262
2.2879677
2.122579
2.294388
2.275137
2.4189649
2.2213318
2.2658808
2.3762577
2.2875304
2.2466457
2.2272933
2.2205179
2.2756357
2.2492588
2.3099658
2.4809277
2.4192455
2.210774
2.0982525
2.3522215
2.124485
2.1934822
2.3341405
2.2353015
2.320167
2.2896657
2.4580812
2.1221373
2.2786155
2.3397412
2.308249
2.4498699
2.2587452
2.2138913
2.3801863
2.2942052
2.0945778
2.3623629
2.3511431
2.2703137
2.4196181
2.418977
2.391766
2.2732663
2.370708
2.4350276
2.346197
2.1874938
2.4296594
2.171424
2.3525014
2.2865584
2.3896027
2.3441386
2.3040776
2.3125062
2.1905332
2.370011
2.361877
2.3588462
2.3532333
2.3057246
2.4068527
2.2331665
2.181462
2.2326937
2.2098944
2.3203464
2.1608267
2.2593224
2.1361754
2.4580116
2.2098842
2.2819338
2.4578009
2.3629825
2.3569984
2.5175614
2.2609773
2.4018066
2.2737136
2.3358512
2.1999302
2.4392295
2.2243304
2.478868
2.241979
2.1759002
2.7557745
2.3195894
2.405883
2.3595054
2.4932482
2.2299232
2.2375963
2.2553601
2.3044624
2.265593
2.1993403
2.2323139
2.3634915
2.3000042
2.3036647
2.333358
2.1727633
2.1127183
2.2486014
2.1476357
2.3828804
2.3571153
2.1790903
2.4517868
2.322507
2.2001576
2.515212
2.246953
2.128419
2.3108745
2.3306913
2.3518295
2.298778
2.2689805
2.223243
2.361712
2.0415363
2.3285918
2.3105783
2.3367734
2.2537866
2.2046883
2.218464
2.2070773
2.1475203
2.2715862
2.2583497
2.17135
2.1674864
2.277855
2.190628
2.1803713
2.3058488
2.2092328
2.136925
2.2024472
2.309007
2.3004537
2.1637318
2.2285464
2.1730766
2.173485
2.1523256
2.4758377
2.4844487
2.4074664
2.2815633
2.234867
2.2409844
2.2508183
2.3184352
2.1963983
2.2880423
2.4499185
2.2828624
2.240442
2.4334593
2.369524
2.1331763
2.3221998
2.4685185
2.2329185
2.1745381
2.3276412
2.3712976
2.042148
2.346176
2.1954014
2.2534165
2.2667406
2.365106
2.2375507
2.399983
2.24796
2.2850113
2.2635694
2.1220288
2.291779
2.2092671
2.2261214
2.318256
2.3263152
2.3663216
2.3914237
2.3362145
2.2433343
2.3425221
2.4372444
2.0828683
2.3015437
2.2658918
2.3839042
2.2931306
2.525991
2.3049636
2.2427661
2.4850326
2.2814217
2.3361628
2.4633598
2.3400698
2.407611
2.446911
2.2805321
2.3855069
2.1952796
2.2011342
2.2239602
2.2823482
2.2709048
2.5720155
2.289069
2.451524
2.382214
2.281323
2.210238
2.2608795
2.1579585
2.1872401
2.3693788
2.1547325
2.2756722
2.1572728
2.2725294
2.2286868
2.4639633
2.3562245
2.3320982
2.2661974
2.227408
2.3704135
2.4074326
2.2563741
2.3261876
2.3400354
2.340054
2.25355
2.136559
2.2871556
2.1561255
2.2370052
2.3777921
2.3802452
2.1604724
2.3075666
2.1324444
2.1702182
2.238016
2.2521443
2.500121
2.11723
2.2458038
2.3577027
2.469694
2.3937004
2.3637626
2.3558319
2.3120904
2.2061756
2.3455527
2.2386584
2.2842093
2.4601464
2.3086593
2.2302604
2.2029948
2.248283
2.4220722
2.3627515
2.1090665
2.3294575
2.3587484
2.2177176
2.2448256
2.3022122
2.219626
2.1695132
2.2687144
2.5364258
2.3889585
2.4338875
2.4081683
2.269727
2.230014
2.51112
2.3117993
2.3652825
2.2027469
2.287409
2.4595122
2.3127208
2.2745965
2.2979739
2.333943
2.2678864
2.3221593
2.19038
2.4736907
2.3040576
2.4576025
2.4074311
2.4696581
2.3399808
2.3681328
2.170255
2.4050872
2.3761067
2.4092083
2.4188297
2.4109957
2.3897605
2.3474057
2.12757
2.1904368
2.2907524
2.1682029
2.3794556
2.255323
2.2772236
2.3761806
2.161179
2.4087632
2.3969119
2.228524
2.2986922
2.1508684
2.3323948
2.2221715
2.1156068
2.315389
2.4431286
2.2917733
2.2201633
2.307109
2.2412665
2.1277
2.2880533
2.106778
2.3609183
2.2988245
2.2294586
2.227299
2.2724836
2.469381
2.2697983
2.4143548
2.381673
2.3064313
2.1502132
2.3373532
2.2406278
2.446056
2.186932
2.291397
2.233315
2.3815038
2.2920043
2.2966475
2.221573
2.1758857
2.4544683
2.6376443
2.3226185
2.3709347
2.140378
2.251745
2.3221233
2.3216164
2.3296
2.0956092
2.43447
2.3125653
2.3796697
2.2533612
2.4123292
2.3463826
2.4819574
2.5483751
2.3945115
2.3227177
2.3183513
2.2604978
2.3593993
2.3887715
2.1945846
2.3323994
2.44836
2.2660542
2.3454347
2.3915105
2.1294684
2.4444323
2.0513318
2.3359497
2.2419395
2.3745844
2.3384018
2.206921
2.2211113
2.3018417
2.367988
2.2573009
2.2785056
2.2030425
2.3508801
2.3196406
2.3409815
2.4237046
2.393672
2.2752244
2.2703936
2.3932858
2.1580868
2.3031383
2.342257
2.3137503
2.2567477
2.3168972
2.492784
2.2183719
2.2873702
2.3089035
2.220411
2.3524697
2.1003673
2.3030524
2.1933062
2.3043635
2.3323352
2.3968368
2.315327
2.3492005
2.2328975
2.3723066
2.2605357
2.4416928
2.2103884
2.2365282
2.3853889
2.230271
2.4279616
2.324694
2.3732343
2.338478
2.2198505
2.3631673
2.2354882
2.3174636
2.4259968
2.3905926
2.2756367
2.2889142
2.2772136
2.4313016
2.340527
2.195326
2.3074825
2.3397894
2.4103682
2.3082213
2.2526157
2.3938696
2.2047038
2.2739244
2.4300382
2.2987962
2.2727265
2.23933
2.285572
2.3375995
2.249553
2.3768597
2.3016045
2.1857505
2.2825334
2.1395712
2.2911656
2.3520155
2.4010675
2.4111943
2.2994926
2.4641576
2.2480416
2.2655725
2.5203233
2.1992972
2.399847
2.5316987
2.1576333
2.391207
2.1211412
2.3002715
2.2831607
2.2678266
2.325652
2.3046527
2.4393387
2.1882198
2.4440172
2.2797055
2.188146
2.2196496
2.3964634
2.4798896
2.3339505
2.2450538
2.3613443
2.3624268
2.2707818
2.1137037
2.0920856
2.506987
2.3460078
2.3311715
2.2199726
2.2298274
2.2994885
2.4167466
2.3751903
2.483749
2.2916732
2.104144
2.2544744
2.4469502
2.2564776
2.3388298
2.2091022
2.177484
2.2000232
2.3502097
2.1744971
2.223682
2.247866
2.1909535
2.4266438
2.2372174
2.2017214
2.197021
2.4165912
2.374532
2.1454623
2.2411005
2.2549415
2.4526784
2.3708782
2.3271985
2.4377322
2.1718564
2.2865732
2.2712753
2.2506795
2.2269073
2.0104094
2.3119454
2.2942193
2.3876405
2.217987
2.0577059
2.2286947
2.34028
2.218804
2.289024
2.1761172
2.2277517
2.3059664
2.0597703
2.3631945
2.2591054
2.3326933
2.342744
2.2737956
2.2876546
2.1539974
2.369149
2.2948794
2.2898228
2.363993
2.348372
2.4600234
2.2547803
2.2242186
2.320438
2.2024612
2.3365188
2.3756046
2.276187
2.2481112
2.2045665
2.1634457
2.1771398
2.3426201
2.1593933
2.6348872
2.170848
2.489417
2.2962556
2.2082908
2.130244
2.3353095
2.1085472
2.2385058
2.2584717
2.23725
2.295364
2.3514404
2.2314599
2.2968898
2.3088646
2.2430933
2.418092
2.4032207
2.419473
2.2586226
2.4379234
2.2055366
2.311737
2.2599068
2.2613068
2.379703
2.4945939
2.2020383
2.3867218
2.2444453
2.1708674
2.3613877
2.3284233
2.3084567
2.2835116
2.2589736
2.357711
2.4320457
2.2616916
2.2007024
2.2311451
2.3479865
2.0892048
2.5543108
2.1813526
2.2714407
2.2431316
2.293186
2.374249
2.3092225
2.458942
2.417453
2.6382668
2.3042676
2.4142125
2.332768
2.3152199
2.1983685
2.2535825
2.2640748
2.3424792
2.265152
2.1722064
2.1275532
2.290159
2.2541795
2.2802544
2.2924523
2.2691348
2.2878473
2.269259
2.0395508
2.4692616
2.2506204
2.2287297
2.3583207
2.2361379
2.2696037
2.3324208
2.3717344
2.3579187
2.4468088
2.2285488
2.3783793
2.3074296
2.3579702
2.5317354
2.3367572
2.4699292
2.115927
2.3066409
2.3930945
2.2653193
2.2554672
2.32894
2.39938
2.2187696
2.3683276
2.3761556
2.3043315
2.2224762
2.2142236
2.2522285
2.1348836
2.2002356
2.3199267
2.3420427
2.2624285
2.2298925
2.2107546
2.2205226
2.2931979
2.1851318
2.441046
2.2476363
2.297437
2.4583244
2.3378444
2.3308425
2.3885188
2.1965396
2.2163854
2.5388181
2.3221939
2.296481
2.2701252
2.1490598
2.288763
2.3201303
2.2935894
2.2027876
2.3038316
2.307104
2.3783798
2.2261267
2.2588
2.2529054
2.3424876
2.2244
2.2374263
2.095282
2.2906032
2.1368668
2.2257702
2.220584
2.333518
2.2568474
2.3106458
2.327154
2.2830627
2.20802
2.3174746
2.3993878
2.4368143
2.3541129
2.3942237
2.2502642
2.4240823
2.285726
2.359528
2.3864086
2.314015
2.2987213
2.3540654
2.2743402
2.1996999
2.385532
2.233682
2.2383895
2.328212
2.3612676
2.1346564
2.3305497
2.2881284
2.247058
2.2776065
2.289747
2.2780023
2.34345
2.3437057
2.369681
2.3681388
2.3578238
2.2206724
2.3440483
2.2757125
2.319721
2.261026
2.252499
2.1638172
2.2803917
2.145988
2.3084772
2.2276204
2.3944643
2.2541845
2.2740521
2.236665
2.2998307
2.2319393
2.2351885
2.3814938
2.2788715
2.2799184
2.24087
2.2248025
2.2297313
2.1646676
2.3174121
2.1764593
2.2718277
2.255739
2.4200199
2.2969043
2.2159677
2.3452375
2.1983771
2.3760376
2.4353719
2.2681725
2.197835
2.2774851
2.384828
2.4437635
2.4204178
2.4666882
2.1250212
2.3225505
2.3958435
2.311068
2.2653377
2.2076905
2.2420876
2.210654
2.2942252
2.1806629
2.362311
2.3970933
2.2716537
2.186518
2.2267032
2.3716679
2.2531102
2.5114493
2.2991848
2.2417223
2.424409
2.39423
2.3596847
2.3133073
2.2854576
2.1844764
2.369643
2.3503332
2.3232064
2.5875232
2.3942592
2.2181697
2.3309078
2.2651787
2.2199616
2.2418582
2.209103
2.272137
2.3020031
2.3842826
2.2687364
2.3619497
2.28349
2.2101703
2.3341563
2.3058324
2.3738132
2.1275444
2.2592473
2.2660816
2.352035
2.0729809
2.2209125
2.2096696
2.577669
2.5211968
2.4393249
2.3742962
2.1644454
2.3049042
2.3570096
2.196283
2.3626678
2.313566
2.3869548
2.2217278
2.2567265
2.3078876
2.4053724
2.0227697
2.2125003
2.23898
2.1872158
2.1217456
2.4472225
2.2139761
2.34427
2.2291808
2.2697146
2.1694918
2.2655423
2.1776357
2.3865013
2.0797424
2.2543776
2.1046445
2.354449
2.2658136
2.3638575
2.2580771
2.3559399
2.2324128
2.3724084
2.4185357
2.1716056
2.2379131
2.292836
2.2049484
2.2757156
2.0883486
2.4239287
2.267579
2.3713114
2.2263322
2.1670806
2.276797
2.356262
2.3400667
2.207914
2.5076299
2.6419795
2.2557254
2.3215554
2.4008377
2.126001
2.2848663
2.4176853
2.4028242
2.2401576
2.4083402
2.183712
2.3283706
2.379961
2.162281
2.256886
2.1811395
2.2358255
2.2429976
2.1797726
2.211129
2.2617593
2.2522256
2.148735
2.2510543
2.3808136
2.3523571
2.2489758
2.3434794
2.332973
2.1844707
2.2486122
2.1966906
2.3339238
2.3358748
2.435217
2.2860217
2.3095818
2.220145
2.4081821
2.1954195
2.078932
2.2965102
2.1668737
2.1317286
2.2648487
2.1908765
2.191005
2.2387938
2.3503022
2.2560172
2.3813696
2.5034363
2.4729967
2.0024536
2.2115295
2.3231568
2.3673534
2.396998
2.2741807
2.283731
2.1804852
2.3248756
2.3291044
2.2297263
2.179179
2.2701187
2.1875207
2.3627803
2.27875
2.402866
2.1426375
2.3116581
2.237223
2.2745469
2.261855
2.3289542
2.1387358
2.2234528
2.1436248
2.2667155
2.2294278
2.2450087
2.36513
2.3119502
2.2615974
2.086466
2.3194919
2.2332025
2.3406599
2.2667363
2.3086836
2.431274
2.0757985
2.1645062
2.325224
2.2260861
2.306831
2.2483315
2.3099723
2.2844558
2.1678538
2.2298703
2.0960894
2.0677361
2.435209
2.4420896
2.299519
2.0997343
2.4752636
2.2201097
2.2514024
2.3218613
2.3561373
2.2017612
2.3825033
2.1433911
2.4347665
2.2925675
2.300694
2.2553847
2.1190202
2.4549904
2.2933936
2.3370347
2.1674256
2.2844176
2.3115163
2.4326565
2.2169635
2.124616
2.2647872
2.3513584
2.411817
2.2915487
2.4610527
2.2393804
2.2639008
2.2765749
2.3656082
2.1915355
2.2096171
2.2903264
2.539499
2.375962
2.181813
2.249913
2.2372856
2.238546
2.2374675
2.141282
2.2457175
2.3027906
2.2886717
2.2534175
2.3853261
2.2811317
2.1292195
2.401374
2.406575
2.3800635
2.3334644
2.306876
2.3084638
2.1253836
2.190716
2.2935898
2.3320124
2.283387
2.3331409
2.4530406
2.0389671
2.2672546
2.1290946
2.3596172
2.2679496
2.2625496
2.1636212
2.434258
2.391763
2.3421688
2.3994331
2.3755066
2.4557986
2.4996228
2.2686262
2.107635
2.1134346
2.4715123
2.2158155
2.4080577
2.1187344
2.1776447
2.364176
2.3216813
2.2998276
2.1141572
2.2506309
2.2513022
2.1724598
2.333949
2.2434552
2.3816118
2.25919
2.2551353
2.170847
2.2248206
2.3158538
2.1436386
2.3053517
2.4085362
2.134087
2.1816266
2.341516
2.1425679
2.4740527
2.4383566
2.2301764
2.2742288
2.1020448
2.2038612
2.4036994
2.3830292
2.3636696
2.2955267
2.341291
2.2821956
2.3568635
2.9435992
2.332566
2.291374
2.251268
2.282887
2.297514
2.179017
2.1970363
2.100182
2.3799093
2.2795694
2.1981988
2.0118968
2.3714268
2.2776299
2.3955264
2.293764
2.3930802
2.4095893
2.4387457
2.5222855
2.0178778
2.412435
2.1802435
2.2386184
2.4352124
2.2654767
2.3663235
2.4330192
2.1087384
2.3407242
2.3397102
2.1842253
2.3250632
2.1888692
2.1815696
2.2984626
2.2156665
2.3871198
2.364624
2.3333027
2.341929
2.1454377
2.3406107
2.257049
2.18749
2.5472703
2.273205
2.4281433
2.2057908
2.6217494
2.3837383
2.2217906
2.1084213
2.201307
2.2850158
2.2750697
2.6080174
2.493772
2.333534
2.2231736
2.1640933
2.3227775
2.1458783
2.2067578
2.3585985
2.2987964
2.3250327
2.1788273
2.3760931
2.1350522
2.2560444
2.2202585
2.4584394
2.28439
2.2994926
2.4612093
2.2984023
2.2711256
2.427348
2.0876074
2.2884574
2.3115482
2.3871243
2.3140693
2.570055
2.2132597
2.3525517
2.195421
2.3633764
2.358047
2.2463841
2.331963
2.2957745
2.28102
2.2194457
2.3150973
2.2584302
2.307397
2.4367843
2.211468
2.2334247
2.3163133
2.2274833
2.4103374
2.3339467
2.3810456
2.434407
2.2634368
2.1476624
2.2306983
2.3470445
2.2920163
2.3623948
2.3912926
2.2268252
2.3334794
2.2796493
2.250587
2.274333
2.3496194
2.453818
2.479516
2.332992
2.2591498
2.3955188
2.2749171
2.285885
2.4982095
2.220489
2.4775462
2.3874745
2.236525
2.1888118
2.125301
2.128019
2.2443502
2.279649
2.2065492
2.2214284
2.3414974
2.301554
2.5150692
2.1708572
2.5438132
2.2132583
2.233006
2.3540292
2.316367
2.3227108
2.2367659
2.3079188
2.1915574
2.266786
2.3155074
2.329146
2.2746756
2.1580229
2.4694386
2.1501465
2.331309
2.2874866
2.328693
2.303475
2.2355132
2.2635534
2.2813478
2.2646763
2.4583657
2.4501293
2.1808891
2.3101192
1.997863
2.4335334
2.3841898
2.2337832
2.2635775
2.2676382
2.276237
2.3025868
2.2889402
2.2638614
2.402719
1.9938252
2.2314517
2.5080428
2.3021967
2.2700458
2.2417521
2.3816926
2.238205
2.3202338
2.2819054
2.3919222
2.200254
2.1947584
2.1715822
2.1685975
2.3553977
2.2167983
2.321087
2.290762
2.359698
2.4550245
2.1038158
2.3759995
2.3096375
2.23374
2.1797671
2.357821
2.1949704
2.4957595
2.3727791
2.1829896
2.175198
2.2150636
2.2900944
2.1449258
2.3827233
2.3172286
2.27148
2.3735516
2.3347228
2.3081908
2.1538472
2.2577596
2.0890393
2.1677115
2.1005814
2.0509105
2.423976
2.2971356
2.2851298
2.0181751
2.2498708
2.1658814
2.2908387
2.360442
2.4383225
2.3738503
2.366822
2.2385263
2.9166746
2.4809375
2.0667064
2.2126007
2.205805
2.4129186
2.2599292
2.2873406
2.2862492
2.2064338
2.2117946
2.1831098
2.108493
2.1428435
2.1708143
2.31218
2.226048
2.2993422
2.3257954
2.051821
2.3385134
2.2194953
2.374511
2.4327672
2.2336178
2.2160723
2.259482
2.1506348
2.2097423
2.1392694
2.3410683
2.3089848
2.25328
2.277565
2.24098
2.1696746
2.207505
2.0552614
2.3123338
2.2699034
2.4992974
2.207328
2.2765272
2.304582
2.312507
2.398332
2.408635
2.3341253
2.317348
2.197736
2.2562587
2.259238
2.3265722
2.1984143
2.108047
2.340714
2.2730365
2.4324157
2.6141014
2.3947117
2.116337
2.1545208
2.2439685
2.481465
2.03659
2.4270902
2.3005884
2.3656685
2.3774972
2.165522
2.2242277
2.3851683
2.3542373
2.285551
2.3712573
2.172474
2.2447524
2.2441907
2.2193573
2.1650672
2.1823301
2.3568256
2.2959776
2.2256532
2.1307826
2.1258252
2.3209734
2.3962882
2.2509177
2.281983
2.1963553
2.3278031
2.3450494
2.2959533
2.2568293
2.3208542
2.2322345
2.293279
2.2988768
2.4566743
2.1476865
2.4938006
2.2728915
2.1202462
2.3701606
2.313684
2.2316902
2.2059083
2.4725165
2.1499696
2.3023677
2.3200724
2.3873057
2.318232
2.3298695
2.2290566
2.149547
2.2508323
2.2052286
2.216613
2.2224526
2.4610915
2.2708554
2.3134913
2.4085119
2.1858475
2.277043
2.3379505
2.211245
2.4012618
2.371805
2.448567
2.3321843
2.2463393
2.4719508
2.5264478
2.2072213
2.387776
2.41602
2.2660418
2.2234209
2.226991
2.2710364
2.236807
2.160754
2.2966828
2.2444263
2.1965184
2.1976047
2.2811763
2.2224078
2.2813752
2.3120325
2.1937535
2.2728386
2.0492754
2.3202894
2.2540205
2.2900147
2.2121673
2.3097835
2.2311292
2.3776393
2.1510286
2.1967106
2.2885113
2.4421766
2.3194046
2.3031774
2.2559724
2.4952974
2.2715905
2.144037
2.2228317
2.5030813
2.3013701
2.2373455
2.3084528
2.4000156
2.2052712
2.3127751
2.2586937
2.1513207
2.3836098
2.1765838
2.3151906
2.388101
2.4637713
2.31717
2.1358988
2.4592743
2.2625165
2.248773
2.30515
2.2468088
2.1891093
2.1949592
2.208155
2.2122612
2.2465806
2.3079524
2.1321504
2.345314
2.14479
2.1826987
2.180489
2.2635863
2.3077114
2.301786
2.4760113
2.3707366
2.309348
2.3385253
2.2663646
2.4318871
2.3358867
2.2466805
2.1726367
2.2456949
2.2822843
2.2569249
2.367989
2.1221929
2.2127194
2.2374837
2.4691412
2.1226704
2.4667838
2.3913445
2.2674396
2.1894228
2.0572715
2.291996
2.1780314
2.3212538
2.202415
2.4620533
2.3076987
2.3396983
2.4231765
2.1775374
2.576344
2.245006
2.3256314
2.3348958
2.2334142
2.3709264
2.2282698
2.170201
2.41325
2.1693769
2.497123
2.3386087
2.301332
2.4594111
2.3847013
2.2443058
2.325118
2.3537743
2.4037178
2.4669929
2.431232
2.1538606
2.1977344
2.1470156
2.2946334
2.1852002
2.3477402
2.4281306
2.2087843
2.1507459
2.2221963
2.2860098
2.2259617
2.3310063
2.3218951
2.2615292
2.1865506
2.3199103
2.332711
2.231935
2.0801852
2.2684743
2.2959723
2.3751328
2.3044753
2.2900782
2.2956698
2.318027
2.325479
2.5739338
2.1755366
2.2437124
2.1189408
2.164576
2.3152847
2.3843117
2.3862586
2.1329036
2.145969
2.5148351
2.1549373
2.086903
2.326338
2.3704262
2.309041
2.16732
2.0533347
2.1143756
2.0875885
2.48767
2.169502
2.3234363
2.2373264
2.212431
2.4689164
2.410197
2.1987638
2.1283069
2.4729867
2.4519813
2.4437747
2.4057622
2.1881576
3.1745696
2.2421758
2.174382
2.400603
2.2942579
2.32876
2.3007147
2.210877
2.424004
2.1881943
2.2590034
2.348836
2.2422013
2.3543181
2.3450425
2.1346352
2.026216
2.4409862
2.3191442
2.3341703
2.3555317
2.3006406
2.1841254
2.1896122
2.305139
2.4356987
2.2092867
2.2836926
2.134504
2.2934475
2.0757332
2.4001243
2.3349519
2.3431168
2.1798792
2.4304757
2.452581
2.2322829
2.2492394
2.3754883
2.2713928
2.3644369
2.1421218
2.275477
2.3626943
2.1071913
2.1591818
2.1676888
2.3960192
2.3299077
2.2477424
2.3356707
2.2318947
2.391454
2.2538254
2.2392142
2.264995
2.3795214
2.1568146
2.5229995
2.3872533
2.3542728
2.136721
2.3780777
2.3672938
2.3679318
2.4397035
2.2162967
2.2721457
2.43836
2.3103855
2.2224233
2.1826813
2.3927047
2.314384
2.373815
2.2173655
2.2656112
2.172402
2.3000698
2.3364937
2.3789911
2.1514907
2.1087205
2.2370145
2.1918035
2.2293887
2.4471447
2.2713034
2.342555
2.1539478
2.0385156
2.2435315
2.2903256
2.2892437
2.1341908
2.3112493
2.1769137
2.2738123
2.3710213
2.4484887
2.2583084
2.1593785
2.137733
2.309381
2.2754426
2.228156
2.2586493
2.1740694
2.391615
2.3582838
2.2450411
2.386378
2.2446597
2.317448
2.2940853
2.442399
2.269677
2.2758813
2.1136384
2.1263192
2.3610122
2.306615
2.201938
2.4578965
2.3349535
2.3650432
2.2775333
2.1812663
2.2651663
2.1355946
2.4932826
2.401798
2.1709676
2.20421
2.255899
2.3084803
2.5154595
2.3513234
2.3383646
2.2552323
2.331464
2.163864
2.3898537
2.507915
2.241741
2.3098328
2.1277823
2.2566798
2.2108016
2.316464
2.213408
2.513821
2.2458577
2.202953
2.2376528
2.285684
2.1649525
2.2528389
2.1435473
2.283443
2.2350888
2.2493463
2.3021476
2.2042918
2.4161277
2.3287826
2.3350358
2.4144444
2.2704778
2.136069
2.2731285
2.4790256
2.2673888
2.2919056
2.2750003
2.2900698
2.2300277
2.1731365
2.2132797
2.3961952
2.2936041
2.053737
2.4899871
2.4403572
2.3548079
2.2466671
2.3191073
2.381593
2.207869
2.3179128
2.117042
2.1956615
2.2345395
2.3152173
2.236425
2.2176664
2.2862651
2.2595153
2.4041562
2.3251579
2.357954
2.1391196
2.3386204
2.2614398
2.1144865
2.3713553
2.3224075
2.3303285
2.2131839
2.3289132
2.286698
2.35374
2.2576153
2.2046762
2.1756425
2.2746606
2.1386976
2.429507
2.4413373
2.2329996
2.3683734
2.213162
2.1787646
2.2747118
2.2053833
2.2798038
2.2831342
2.3373775
2.173236
2.442091
2.2222295
2.156644
2.2735193
2.1237168
2.4222383
2.1868758
2.4222581
2.3777633
2.214319
2.259769
2.361383
2.1980057
2.2302353
2.2382805
2.221395
2.2569656
2.125365
2.4372535
2.203069
2.1430779
2.2479668
2.060297
2.3654332
2.2750897
2.072538
2.2756374
2.3830445
2.2267702
2.4134684
2.427666
2.3135123
2.2416337
2.4124126
2.4213836
2.2706962
2.4816046
2.3594499
2.2510703
2.3561056
2.3198094
2.2185054
2.3162894
2.2062843
2.2455525
2.3134992
2.3272104
2.2512462
2.4236612
2.307383
2.2928722
2.2097085
2.2109187
2.2989178
2.095322
2.1103988
2.360857
2.3156161
2.2547584
2.268491
2.2248461
2.4455209
2.2368622
2.2708454
2.2562718
2.031436
2.3600826
2.4749503
2.3906398
2.3934836
2.343977
2.3650775
2.2523441
2.4371183
2.3016856
2.3329146
2.331486
2.350554
2.3987868
2.0891738
2.234816
2.4089522
2.4530559
2.5336432
2.3009431
2.084806
2.2918735
2.2358494
2.2923293
2.341056
2.1088128
2.2892048
2.152352
2.3540578
2.3113823
2.2782807
2.1776204
2.1671565
2.2564597
2.390298
2.281917
2.2037997
2.3902583
2.2095706
2.3877585
2.1500502
2.2057629
2.3532405
2.508715
2.3300433
2.369927
2.5171332
2.2694569
2.4073424
2.270695
2.0375843
2.3075185
2.276215
2.4393039
2.4634233
2.1564856
2.2722902
2.2220922
2.3486996
2.093597
2.3470783
2.3671372
2.2161405
2.1584172
2.3163056
2.454327
2.4285724
2.4356742
2.4974618
2.0419018
2.2546945
2.3043072
2.325797
2.3540828
2.38101
2.3986447
2.275219
2.314565
2.2734675
2.129581
2.3023021
2.3521008
2.2775574
2.2374148
2.2921479
2.4089558
2.251062
2.2391486
2.38926
2.4260058
2.3820348
2.2736354
2.3761425
2.3372073
2.3051586
2.2549324
2.336163
2.4256294
2.1678803
2.2698696
2.4147396
2.2731493
2.2514758
2.3312497
2.2838202
2.340889
2.2816684
2.2744114
2.0944774
2.1018138
2.385592
2.1183422
2.3271174
2.41053
2.1476283
2.2784553
2.3173285
2.1853595
2.3495274
2.3099475
2.2299538
2.3830152
2.1509137
2.1441367
2.2190073
2.2904382
2.1187258
2.5016112
2.3752418
2.208883
2.3050327
2.2897801
2.2392738
2.1767507
2.1618712
2.198907
2.3480504
2.320786
2.17102
2.2109046
2.2498431
2.3383498
2.218412
2.2791522
2.219991
2.2249458
2.2473917
2.2054088
2.115106
2.2118108
2.2639687
2.2362156
2.2068076
2.2706864
2.2293148
2.0647128
2.1758566
2.4144752
2.2516642
2.24021
2.336927
2.147454
2.078873
2.074409
2.1922812
2.3359046
2.3299873
2.3941112
2.0474713
2.206536
2.15064
2.4027476
2.270806
2.2344239
2.061937
2.0127444
2.3286793
2.410233
2.124481
2.2691705
2.3383253
2.390203
2.2220635
2.2091956
2.2358162
2.1456523
2.3600173
2.5533562
2.2092917
2.3244748
2.401319
2.1858993
2.1778169
2.2940664
2.1549401
2.3111618
2.3375916
2.3037965
2.3204565
2.3977077
2.2539537
2.3507476
2.281233
2.5491848
2.2114606
2.2484937
2.2284987
2.1857452
2.3482115
2.3683264
2.1812496
2.0522897
2.5933716
2.3418508
2.2030568
2.3582597
2.2246792
2.125833
2.2830544
2.380964
2.4009411
2.2664669
2.214096
2.4817975
2.1266446
2.3043556
2.099416
2.3737206
2.3334565
2.1748695
2.137559
2.2051282
2.2583685
2.2284057
2.1589866
2.2130077
2.3711758
2.149564
2.3101165
2.2049446
2.3782804
2.3569436
2.1907835
2.1465504
2.1305814
2.410005
2.2700372
2.3284059
2.1785672
2.410645
2.2996674
2.3810608
2.3375638
2.4443822
2.4361782
2.2401993
2.218029
2.2282481
2.395957
2.2258618
2.2427108
2.178676
2.210506
2.202153
2.174128
2.2284596
2.307342
2.3375242
2.1287675
2.2510915
2.132432
2.3347917
2.2422159
2.4682102
2.1726737
2.409856
2.3816497
2.4122922
2.3838716
2.3318307
2.3899324
2.238861
2.4274783
2.1457713
2.2434585
2.2576618
2.0830114
1.985651
2.16796
2.1686034
2.333504
2.1954913
2.2531478
2.287656
2.220573
2.3057032
2.435449
2.1203413
2.1293962
2.2900345
2.1961057
2.254559
2.5122955
2.2883344
2.1527026
2.1028912
2.2118404
2.3367207
2.2463238
2.383206
2.0813344
2.2470856
2.207591
2.2777889
2.2615826
2.178775
2.3614397
2.328464
2.5135593
2.1583622
2.571825
2.2551599
2.2394032
2.3437877
2.201718
2.2039306
2.3684018
2.1973486
2.29556
2.326141
2.3099167
2.2896895
