9.903242
4.2311964
9.903412
9.903407
4.3841057
4.23016
4.1009455
4.0398116
3.9640203
3.8595314
3.8185763
2.8260415
2.8998094
2.6149354
2.5776496
2.4510353
2.2623794
2.3327756
2.382123
2.3514712
2.3541298
2.299436
2.180219
2.1741436
2.318748
2.2809868
2.098276
2.125235
2.2676048
2.214476
2.0544913
2.0360756
2.1595638
2.1631055
2.2827315
1.9969858
2.1289592
2.1348748
2.0240057
2.0817027
2.0386567
2.0604563
2.0677066
2.052295
2.1753273
1.8536966
2.107423
2.1711032
1.9385319
1.9504414
2.0502992
1.9634209
2.1857371
2.0641682
2.024068
2.0702636
2.0900378
2.0738153
2.0986514
1.9448811
2.209424
1.9985565
1.9602721
1.8665975
1.9273106
1.9237716
2.1995225
2.049892
2.1352468
2.0665996
2.08203
1.9904028
2.203899
1.737229
2.025616
2.0977168
1.9120264
1.9950812
1.9982687
2.0602472
1.8801438
2.0196605
1.9960566
1.895327
2.0006576
1.8697803
2.008967
2.0185146
2.1694999
2.060495
1.9153831
2.066583
1.9588385
2.0172968
1.8501745
2.064262
1.8557932
2.072247
1.9544731
1.9502497
1.8463885
1.9074395
1.8655055
1.8972946
1.882201
1.716613
1.8313951
1.9006264
1.930484
1.9866145
2.0228992
1.9604723
1.9187715
1.9312727
2.0747957
2.109314
1.8835309
1.8310249
1.8714298
1.8424804
1.976239
1.8946924
1.8840854
1.959783
1.9415201
1.9445047
1.8475227
1.8892326
1.9036453
1.9729887
1.9855772
1.9124184
1.8246126
1.8737364
1.8775265
2.0309615
1.9422992
1.8510357
1.9519527
1.8694696
1.9444191
1.7875874
2.018375
1.9737635
2.0002646
1.913387
1.9167532
1.9165246
1.9733874
1.89514
2.057321
2.0089798
1.9211986
1.8286579
1.8898598
1.8571196
1.8758948
1.9414505
2.0218806
1.902469
1.8659847
1.9068035
2.0184426
1.9029586
2.062822
1.944588
1.9142529
1.7977514
1.7954057
1.88256
2.017075
1.7728593
1.7902443
1.8876253
1.8324715
1.9766842
1.9796355
1.948842
1.8337667
1.7905388
1.7991613
1.809014
1.8800806
1.9848131
1.9762808
1.9943241
1.9507091
1.9274025
1.8845428
1.9827082
1.8858545
2.0379696
1.9065129
1.9750595
2.0033002
1.9465584
1.838381
1.9428918
1.8488613
1.8852139
1.9623616
1.7504822
1.9384234
1.7731348
1.9145157
1.8969319
1.7691183
1.8913472
1.8280008
1.8481371
1.8338743
1.6740408
1.9876707
1.8752054
1.8416748
1.7718369
1.7998171
1.9780623
1.8116913
1.8367612
1.8005356
1.8978027
1.8422487
1.6990904
1.8488386
1.8423077
1.8935902
1.9934448
1.9676666
1.9851906
1.7914673
2.0635083
1.9256767
1.8896825
1.9580082
1.8492304
1.8115813
1.7839
1.8249633
1.9203917
1.8717607
1.9159085
1.8536791
1.8185213
1.9074084
1.8240324
1.7038383
1.8316303
1.7380342
1.7908716
1.9520562
1.9735193
1.8437054
1.8270267
1.7928547
1.8193777
1.9007256
1.8271078
1.9091003
1.8927482
1.921162
1.8095585
1.8801359
1.9824272
1.7493576
1.9163148
1.910952
1.9086784
1.7465843
1.8755175
1.809693
1.7598355
1.700001
1.8031414
1.947603
1.9472768
1.7857319
1.9799001
1.8774405
1.7238939
2.0540538
1.8614674
1.6588129
1.7324623
1.8824011
1.8394148
1.8607107
1.8187764
1.970102
1.7802398
1.8580685
1.7848946
1.835461
1.9281476
1.786076
1.7540308
1.9269211
1.8634856
1.852411
1.8987525
1.9338089
1.8599365
1.77917
1.9328635
1.8033412
1.877311
1.9065508
1.7746353
1.8836181
1.8305203
1.9424226
1.8871737
1.8513982
1.7722328
1.8275988
1.9796886
1.9459187
1.9194376
1.8981075
1.7803577
1.7151169
1.740612
1.9482619
1.8827604
1.836016
1.9622409
1.828777
1.7782867
1.9882038
1.964338
1.8916181
1.8138784
1.8615353
1.8537306
1.7606704
1.8551286
1.879246
1.7273185
1.7630589
1.8363285
1.8218571
1.853707
1.7235072
1.8222983
1.8143415
1.8561144
1.7564932
1.7616615
1.8888801
1.8312218
1.746755
1.821598
1.8474289
1.9032726
1.8158547
1.8171604
1.9214916
1.8554237
1.7675955
1.7175391
1.8471348
1.8679512
1.7944677
1.8836416
1.8724056
1.8738753
1.9269218
1.890329
1.8333671
1.8243405
1.9111389
1.9527624
1.7699363
1.8386605
1.9110531
1.778573
1.9052231
1.9103057
1.8005874
1.9180582
1.7671869
1.7951037
1.8481152
1.7333918
1.9292195
1.9824375
1.7965453
1.9283644
1.8318145
1.8853633
1.854978
1.7878006
1.8688457
1.8043745
1.7345251
1.8139818
1.794681
1.8011423
1.8202832
1.8066094
1.8862549
1.7473806
1.7136288
1.938328
1.8041499
1.8525171
1.9453957
1.915345
1.9467055
1.7894528
1.8927402
1.9061428
1.797937
1.9045055
1.8813312
1.7221279
1.9720628
1.8338873
1.7630695
1.883948
1.676857
1.8048651
1.769562
1.9385681
1.81003
1.878947
1.9183105
1.8656174
1.7978071
1.7909739
1.9097302
1.8313671
1.8537086
1.7735068
1.7884083
1.7124596
1.774718
1.8646793
1.8643439
1.8790029
1.9010847
1.8464571
1.8507843
1.8386867
2.0171008
1.9610989
1.8073151
1.8496153
1.7928104
2.0313218
1.7408378
1.8244041
1.8703346
1.8682137
1.8644251
1.7797979
1.9282396
1.8336842
1.6796026
1.9653616
1.7853893
1.8299274
1.8393351
1.8297113
1.8121831
1.9111019
1.8058331
1.6474082
1.8549087
1.7863646
1.823666
1.8269495
1.8415794
1.8835729
1.765836
1.756411
1.7573881
1.8567251
1.8648106
1.7792358
1.7752693
1.6640888
1.7827702
1.8936455
1.7578548
1.8321865
1.7849566
1.9180996
1.8232136
1.903784
1.8207176
1.761548
1.8490089
1.6944107
1.8397405
1.8900688
1.8889401
1.9133356
1.8508084
1.7759733
1.9567982
1.7750728
1.7898054
1.8805046
1.7038971
1.752044
1.8449261
1.8178374
1.8022802
1.9715887
1.8196089
1.9014189
1.8212526
1.8862721
1.8532873
1.8356193
1.7867091
1.838314
1.8409939
1.910083
1.9035861
1.7720591
1.9223636
1.8811756
1.8165867
1.7424488
1.8884214
1.8913828
1.9888089
1.8416382
1.8643153
1.7816093
1.7466552
1.7505581
1.9114559
1.9135746
1.8244498
1.790048
1.8329662
1.8676682
1.8128054
1.8730879
1.8361399
1.8467772
1.7814109
1.7146057
1.7251089
1.8634745
1.7762295
1.8192106
1.778064
1.9681406
1.8715633
1.890804
1.8647311
1.792049
1.7762257
1.783015
1.8427494
1.7683109
1.8336025
1.7994283
1.9455156
1.8395426
1.786356
1.851825
1.8063037
1.863645
1.8717483
1.9547138
1.7323341
1.6336762
1.9578617
1.8890226
1.9502642
1.9237688
1.7236153
1.9051548
1.677654
1.8866059
1.9565634
1.8203322
1.927878
1.8599141
1.8204552
1.8776203
1.9648609
1.8118393
1.8209937
1.8470033
1.8127645
1.6935577
1.8059216
1.8085915
1.7807796
1.9733908
1.9792709
1.8145949
1.8620872
1.806946
1.9294198
1.6151842
1.8655875
1.7117643
1.6912372
1.7981446
1.9040797
1.6672577
1.9527811
1.8969736
1.9042356
1.885315
1.7647915
1.7574841
1.8825985
1.7135742
1.9577545
1.8307266
1.718045
1.8660471
1.7191112
1.7185507
1.796756
1.8925507
1.8345668
1.7281687
1.7546093
1.7708409
1.7788591
1.935631
1.7442474
1.8069689
1.8597323
1.7972752
1.9167385
2.0479941
1.9451596
1.80599
1.8792922
1.7447666
1.7640616
1.9621143
1.8138525
1.914932
1.6566916
1.8049068
1.7742392
1.8458875
1.7958324
1.8516543
1.8673298
1.8407209
1.8234644
1.8151833
1.8915523
1.8166666
1.8176578
1.7431011
1.7749665
1.7916855
1.7952442
1.8513052
1.7916086
1.8748767
1.8495376
1.9937264
1.9486647
1.8170315
1.939468
1.7723516
1.7180674
1.8117511
1.8691591
1.8422302
1.8869865
1.8290046
1.7668772
1.8052889
1.8331124
1.8713669
1.7415869
1.7893823
1.8667023
1.7595631
1.8807583
1.8293972
1.8297027
1.9148077
1.9356245
1.8024191
1.8458627
1.8795468
1.7896563
1.696463
1.8822644
1.8078291
1.8724054
1.8263724
1.7406919
1.7894888
1.9499044
1.6513182
1.7796791
1.7032077
1.7418762
1.7622921
1.7588146
1.7035557
1.8548851
1.8926289
1.7784525
1.7499282
1.8581371
1.62275
1.8446853
1.9738696
1.7786602
1.8207655
1.7304986
1.8309195
1.8242781
1.7943159
1.8277476
1.8090134
1.8596628
1.8643305
1.7458694
1.8209155
1.7209024
1.9140259
1.6862379
1.6811059
1.7511356
1.9465048
1.7535219
1.8343842
1.9191519
1.834584
1.8943253
1.8717825
1.8864975
1.9048824
1.7416449
1.7923849
1.8930962
1.8409054
1.6498448
1.9106373
1.8849888
1.7593429
1.8576877
1.8843887
1.7604297
1.8739913
1.8665283
1.7580109
1.7411325
1.8020465
1.7843078
1.7547805
1.851662
1.7164406
1.6978295
1.8249315
1.8158128
1.8678827
1.919829
1.8067024
1.8101593
1.9491222
1.8846886
1.7889776
1.7317692
1.7783709
1.8988727
1.7765443
1.7597862
1.7700161
1.8992703
1.7809384
1.8264029
1.7390807
2.015145
1.8404213
1.8254309
1.8560636
1.8721164
1.786319
1.9356956
1.8659569
1.9485325
1.7684981
1.7615325
1.8063971
1.7158524
1.8228023
1.7734473
1.7559427
1.8561466
1.79743
1.9557749
1.847585
1.8344835
1.7856483
1.8304329
1.8000386
1.9092629
1.8047289
1.7111027
1.8366125
1.7103513
1.9406235
1.8552568
1.7829578
1.8095753
1.9139168
1.8914827
1.7984642
1.7993195
1.8157899
1.6964991
1.7033262
1.9143226
1.6730741
1.9509941
1.8106588
1.762029
1.9379771
1.8656521
1.9052833
1.7978115
1.8458614
1.8658364
1.8555704
1.9203535
1.7147076
1.8946393
1.8525283
1.7712014
1.9314175
1.8614887
1.9984753
1.9413589
1.8005247
1.868685
1.7051232
1.878768
1.7011662
1.8551382
1.7534485
1.9511274
2.0247486
1.8994185
1.9051411
1.8368686
1.7687165
1.7066796
1.7062734
1.8646367
1.875366
1.8682079
1.5688248
1.8532403
1.7720413
1.7572136
1.9014775
1.8549477
1.775563
1.8471025
1.8427212
1.8318514
1.7016093
1.6403649
1.9350173
1.7740599
1.9752424
1.8318522
1.7880503
1.8730949
1.8426487
1.6460495
1.9199858
1.7055801
1.7478898
1.641845
1.8323643
1.7497374
1.8615539
1.8590914
1.8096832
1.8336271
1.8249018
1.7308365
1.7309048
1.7482294
1.8886101
1.8238783
1.905756
1.7780802
1.82811
1.8103111
1.8223215
1.8656836
1.7463503
1.8035568
1.7806485
1.9459155
1.8665711
1.7696736
1.8740774
1.8460974
1.8170309
1.9505827
1.8555609
1.9088237
1.8378613
2.1134489
1.8096386
1.8061159
1.9599466
1.8384308
1.8453106
1.8258003
1.8396626
1.918978
1.8888375
1.8426224
1.903731
1.9983925
1.9263407
1.8169931
1.8908246
1.7459171
1.8191849
1.8246815
1.8862364
1.7515848
1.8684652
1.5952055
1.8498882
1.7313303
1.6823162
1.777631
1.9801788
1.9644587
1.8185374
1.8368508
1.8028965
1.8793831
1.8331356
1.7042577
1.933006
1.8016918
1.8239266
1.801691
1.9558668
1.915638
1.8450702
1.8978847
1.826587
1.876786
1.8521576
1.7564156
1.7337039
1.8938862
1.6793268
1.9137579
1.7904125
1.8808132
1.8323822
1.8195686
1.8600773
1.7524331
2.050806
1.8427954
1.7596967
1.8746704
1.8328583
1.8430328
1.9494231
1.6655071
1.8118627
1.7361367
1.7351624
1.8635588
1.7384732
1.836577
2.0886168
1.9118379
1.8276966
1.7580259
1.8424847
1.8953269
1.852794
1.8491396
1.932546
1.9163414
1.785614
1.810466
1.8021114
1.7508385
1.6527332
1.8575321
1.8798647
1.6640381
1.9241127
1.8371077
1.6947479
1.905358
1.773263
1.7946789
1.6977962
1.8987815
1.8158783
1.7912104
1.8006942
1.9378273
1.8752491
1.8557308
1.8414714
1.7127249
1.7499437
1.8774828
1.9351532
1.8261887
1.9510295
1.8644979
1.9285729
1.8437437
1.7866564
1.7317394
1.8043947
1.7521242
2.0394585
1.8573917
1.9111214
2.0404253
1.8333594
1.9584272
1.7688541
1.7903538
1.8021322
1.7801769
1.8178002
1.7833153
1.9613016
1.9303043
1.7317407
1.7847074
1.8569931
1.9353358
1.7929395
1.7599157
1.9205879
1.9007527
1.9451525
1.7824056
1.7687867
1.9976454
1.8759645
1.8570881
1.8766994
2.0242927
1.7091911
1.9376259
1.684593
1.7738415
1.7849224
1.8269571
1.8290346
1.8323857
1.8545942
1.9591949
1.9763696
2.0407584
1.7015158
1.7204845
1.8025516
1.9054571
1.9658715
1.8115623
1.7778813
1.7401158
1.8212626
1.8602731
1.832483
1.808177
1.761034
1.9139525
1.650494
1.844627
1.7522733
1.8442554
1.7761456
1.8078359
1.9103447
1.7480618
1.9044096
1.8079422
1.8448067
1.9656456
1.6970406
1.825399
1.8186605
1.9184949
1.749738
1.6534401
1.9292574
1.830369
1.840017
1.7923895
1.9060589
1.897578
1.8400314
1.8762722
1.8122345
1.8966974
1.9856255
1.8059686
1.8228886
1.8295215
1.6916641
1.8023676
1.6582314
1.8434665
1.9263046
1.9120115
1.8462355
1.8942235
1.8608764
1.8277578
1.8806232
1.7975057
1.7489353
1.8818308
1.8253759
1.8742507
1.7118356
1.828775
1.7739801
1.8417642
1.8618482
1.8769709
1.8300912
1.9845817
1.750774
1.7721577
1.9859196
1.8840935
1.8380153
1.8938701
1.6779013
1.7382416
1.8411407
1.8003559
1.8102531
1.7296598
1.8318752
1.7677647
1.8962746
1.8644212
1.9061562
1.8936923
1.8160597
1.7945654
1.742635
1.7080281
1.8220917
1.8549004
1.7162157
1.8366463
1.8257697
1.8848932
1.8848006
1.7914644
1.7386624
1.7990688
1.9014099
1.9818226
1.8196691
1.767157
1.7138695
1.8159959
1.830533
1.8615471
1.8310074
1.7909057
1.8730562
1.7721037
1.8865283
1.6576401
1.8564323
1.9172926
1.8477385
1.670083
1.839263
1.8973505
1.7740724
1.8244696
1.7850231
1.9002454
1.6566347
1.9081001
1.8704205
1.7493808
1.804253
1.8542856
1.9575837
1.703893
1.9493597
1.9251257
1.8813763
1.974377
1.8257767
1.7592674
1.8646672
1.8104696
1.9531748
1.7488315
1.8745687
1.9334767
1.7343915
1.7077879
1.8357064
1.8221982
1.922816
1.9834944
1.9565691
1.7933632
1.909487
1.7322395
1.9630772
1.8290733
1.8413048
1.7703778
1.9377558
1.7556381
1.7217792
1.8034042
1.7504736
1.6756155
1.9823563
1.9221493
1.818547
1.7828159
1.9704218
1.7828672
1.8455681
1.9837548
1.7929465
1.8557984
1.9476528
1.930941
1.8306868
1.8088913
1.718868
1.7479271
1.8106356
1.895189
1.8349268
2.0171633
1.7336099
1.8512537
1.8604648
1.7604129
1.849767
1.9393852
1.8310158
2.002211
1.9015967
1.802963
1.7741938
1.9457352
1.862998
2.0871398
1.8816357
1.8437984
1.9070879
1.8275837
1.7832663
1.8340662
1.693907
1.7888155
1.6869894
1.782362
1.8212093
1.976484
1.9024616
1.925464
1.7701128
1.9063057
1.71262
1.9629164
1.8822873
1.8659512
1.9458145
1.8751423
1.7205975
1.7928244
1.7985127
2.0120084
1.8550266
1.9750736
1.7733307
1.7772738
1.839946
1.7399282
1.68825
1.8610065
1.8273754
1.8822067
1.835329
1.8677452
1.8544344
1.8467591
1.7696861
1.8877685
1.8064125
1.8391755
1.8412336
1.8779857
1.7335755
1.910894
1.9063889
1.8031632
1.7318484
1.8581499
1.8092295
1.8855088
1.934438
1.9289582
1.8094858
1.8312925
1.8098695
1.7533926
1.8768314
1.9540508
1.7189662
1.980089
1.8851144
1.8860023
1.7727903
1.9759426
1.7888027
1.7572142
1.9071639
1.856979
1.9103607
1.8751876
1.7917979
1.8420185
1.8069744
1.892037
1.6832573
1.7124293
1.9257778
1.6805468
1.8393723
1.974263
1.8203304
1.8339236
1.779157
1.9584343
1.7639618
1.8646929
1.8202053
1.8765323
1.7775652
1.8308342
1.9415095
1.9573965
1.7700891
1.8316933
2.0950327
1.9020987
1.8245287
1.8722026
1.8930962
1.8461072
1.813812
1.9496285
1.7986405
1.7753594
1.8327907
1.7377875
1.9727694
1.8781229
1.7947022
1.7899034
1.8229163
1.8972256
1.8981116
1.8345311
1.710756
1.8609673
1.8451707
1.7456564
1.7911513
1.8380291
1.7096971
1.8174337
1.8362744
2.1018193
1.8735693
1.9167744
1.8916311
1.8072037
1.9426472
1.791527
1.77348
1.7302017
1.9426733
1.831423
1.7867079
1.9952751
1.7722445
1.7667757
1.8819987
1.9192944
1.8393803
1.9654843
1.8623726
1.7001536
1.8146665
1.763278
1.8257835
1.8484074
1.8695513
1.787598
1.9082054
1.9032991
1.7619556
1.7693186
1.8175138
1.9156578
1.9866228
1.9564402
1.8321482
1.9024258
1.7840124
1.9192559
1.8973824
1.9249809
1.9253976
1.8923633
1.8571098
1.9391674
1.8052689
1.8700249
1.7099905
1.7937801
1.8398552
1.7785962
1.7593062
1.7990526
1.8561022
1.9944532
1.9140602
1.9739983
1.9510717
2.0058522
1.8755529
1.8008007
1.849747
1.8421818
1.901836
1.8838656
1.864103
1.7461172
1.7098747
1.8863041
2.0161972
1.9137672
1.7010559
1.9421146
1.6998875
1.9159374
1.8518505
1.9166756
1.8295271
1.7899803
2.0298815
1.8450047
1.653183
1.822849
1.9583737
1.7749649
1.8741386
1.817766
1.8766963
1.8086541
1.8124812
1.8069026
1.8349937
1.8454859
1.9192044
1.9844738
1.742383
1.9147549
1.7503296
1.9735863
1.7153187
1.981258
1.7376568
1.7694366
1.8267969
1.8207424
1.783704
1.9564917
1.8984375
1.8400806
1.8060461
1.8776379
1.9609668
1.746829
1.8232334
1.8153236
1.8199002
1.80966
1.8374145
1.784502
1.8327262
1.8781528
1.8000675
2.0054097
2.005775
1.7707541
1.8082523
1.9392717
1.8039443
1.7952068
1.8301299
1.950009
1.835181
1.8877504
1.87971
1.9581522
1.810704
1.9057357
1.7753528
1.8069671
2.0307183
1.8437325
1.8625017
1.8576149
1.7958753
1.8213398
1.8271244
1.871405
1.923783
1.866402
1.8083811
1.8402507
1.9449236
1.9309351
1.9792385
1.8812249
1.7749037
1.9418049
1.7795299
1.9249294
1.7918608
1.8352673
1.8262455
1.8103634
1.7083
1.7724882
1.6984975
1.9223343
1.9174767
1.9022678
1.8510908
1.7633038
1.9205272
1.8682991
1.9568237
1.9072025
1.896759
1.8250602
1.9674225
1.7510147
1.9138473
1.8861752
1.9399755
1.8442278
1.7789396
1.8060764
1.967294
1.822526
1.9594663
1.8180653
1.7399168
1.8824924
1.7869762
1.7877662
1.8439802
1.8749882
1.8815033
2.010468
1.8002768
1.8135335
1.9268658
1.9282726
1.80832
1.9110653
1.8065172
1.7687992
1.7933748
1.7736094
1.9303824
1.9820659
1.9233652
1.7974142
1.6532103
1.8548867
1.7858311
1.6586342
1.8786194
1.829917
1.869169
1.9020042
1.8535845
1.8551128
1.918346
1.7897942
1.7499564
2.0653367
1.9594952
1.8538866
1.8216002
1.8883731
1.9049797
1.7019012
1.9261808
1.8437427
1.8054241
1.7641369
1.8814039
1.8600667
1.891621
1.8980219
1.8990228
1.9478397
1.7483946
1.8096374
1.729421
1.8153045
1.9034516
1.8259952
1.8547186
1.8056167
1.6869673
1.8499607
1.8243005
1.9704157
1.9292523
1.8617388
1.898927
2.0034566
1.9614322
1.7515495
1.8339561
1.8281142
1.8318167
1.8065926
1.7025454
1.7841454
1.8865194
1.9062898
1.8943561
1.9442852
1.9430082
1.9058497
1.7325712
1.6696148
2.0192754
1.9437485
1.8605185
1.9711151
1.8062003
1.8611023
1.9106613
1.9816773
1.8746345
1.8091037
1.6400341
1.8529663
1.8868856
1.8269695
1.9167038
1.936883
1.9423603
1.8962322
1.8260132
1.8859507
1.8738825
1.7457592
1.9810781
1.9793236
1.8937
1.7900658
1.8950065
1.8913578
2.09763
1.9717706
1.9775766
1.8426931
1.838171
1.9080998
1.9530628
1.8431908
1.7071346
1.7586454
1.8579204
1.897116
1.7661403
1.8667036
1.8202595
1.7991455
1.8048995
1.9387891
1.8414423
1.8670775
1.8477495
1.8301862
1.8951738
1.9525602
1.7630653
1.837426
2.0169418
1.8264749
1.8493401
1.7710758
1.9139084
1.8191986
1.8619121
1.8863771
1.9910837
1.8301122
2.0426197
1.9278986
1.8641697
1.8650095
1.7010536
1.7665431
1.9849523
1.813123
1.7909456
1.7944553
1.6898005
1.8410108
1.9392971
1.8495281
1.9860795
1.8582271
1.8677657
1.7679443
1.8946785
1.9223286
1.9001391
1.9005423
1.8626245
1.8724486
1.8195862
1.7704805
1.7970073
1.7485956
1.7643322
1.9541429
1.7448304
1.8315462
1.8667879
2.1180167
1.9597181
1.821965
1.8544906
1.9376659
1.9504439
1.877607
1.8041449
1.921882
1.8494682
2.0051615
1.782316
1.919535
1.8969294
1.9636481
1.8720859
1.906106
1.7399918
1.862991
1.8498163
2.0404394
1.8505789
1.801362
1.7775223
1.8957729
1.8983845
1.803725
1.9442995
1.9193299
1.7819341
1.9196991
1.6760509
1.8008196
1.7739887
1.9658487
1.9867504
1.8262314
1.8720983
1.9384581
1.856218
1.7615347
1.8651785
1.843786
1.796036
1.9012611
1.8253567
1.720493
1.7480853
2.0443091
1.9501528
1.9029024
1.8515316
1.9217983
1.831343
1.9912336
1.8459637
1.9258997
1.6781723
1.905802
1.8502057
1.8444588
1.7880018
1.8612206
1.9364116
1.9313625
1.8988388
1.7560371
1.860357
1.9064839
1.9335457
1.8359773
1.8110943
1.9012398
2.007846
2.0126777
1.9261875
1.964819
1.7699492
1.8977308
1.8904784
1.8501899
1.8438702
1.9379148
2.0598013
2.0370975
1.8161123
1.9095452
1.8036683
1.887435
1.8628762
1.8819144
1.9639843
1.9410893
1.7513695
1.939682
1.9278675
1.9125988
1.9054925
1.9454556
1.9539648
2.0423949
1.8825805
1.8194306
1.8573773
1.9621594
1.8849351
1.8922609
1.9244587
1.9056885
2.0369487
1.8149189
1.93087
1.9152431
1.8962114
1.7354101
1.9876982
1.8792387
1.951099
1.9362386
1.9100767
1.8515656
1.8191293
1.8705174
1.8598913
1.8836924
1.9786457
1.8679535
1.9004126
1.8808868
1.7869133
1.9569355
1.8872381
1.9496692
1.9684923
1.9808085
1.9768807
1.9780697
1.9050175
1.8657873
1.855827
1.9143527
1.9617878
1.9426477
1.8471458
1.8758333
1.9129238
1.8130707
1.7995062
1.8343995
1.8924453
1.8833439
1.7254384
2.0513463
1.9054722
2.0821197
2.022446
1.9868762
1.836745
1.8830732
1.9895941
1.868645
1.8904932
1.8225658
1.9503781
2.0464933
1.8954903
1.9625362
2.006887
1.965606
1.8650808
1.913348
1.9704542
1.7993686
1.9237325
1.9822884
1.9213083
1.896978
1.8145157
1.8487867
1.9068813
1.9591048
1.9353012
1.8342562
1.8446982
1.8877271
1.9978234
1.8771594
1.9340521
1.709091
2.1861627
2.012212
1.9036198
1.8755467
1.8473527
1.9656112
1.8506415
1.9881752
1.9659208
1.9348081
1.923147
1.9888284
1.9224886
1.7789376
1.8777491
1.9598879
1.9129883
1.9050337
1.8588158
1.9296284
1.9633303
1.8848375
1.8462137
1.9324516
1.8276888
2.0545664
1.8626925
1.9334023
1.8475395
1.8088825
1.760539
1.8445263
1.8984663
1.978329
1.8822076
1.9624914
1.9748783
1.9699352
1.9285587
1.8445374
1.8062645
1.7027426
1.8824093
1.8850262
1.8718532
1.8680916
1.9306021
1.9443405
1.9070034
1.9152218
1.9119112
1.902525
1.9938574
1.924367
1.9656452
1.92187
1.8221747
1.9599642
1.9547669
1.849163
1.8589957
1.8556105
1.8703579
2.0211804
1.9529997
1.8916285
1.9350971
1.9999405
1.835109
1.8077072
1.9001032
1.9895966
1.96709
1.9141842
1.7899206
1.8808876
1.897548
2.0415273
1.9161049
2.0688748
1.9419746
2.0295038
1.8629783
1.9460204
1.81549
1.7908525
1.9183557
1.9901791
1.8837225
1.9894474
1.9151329
1.9389509
1.9462299
1.9996464
2.004746
1.9549425
1.8982683
2.0997946
1.9995464
2.0277133
1.9206369
1.961983
2.0231514
1.9047283
1.9972954
1.9968405
1.8111118
1.841391
1.8543841
2.0190835
1.9384161
1.9001496
1.9644417
1.9893488
1.9417051
1.8200274
1.9798422
1.8518152
1.8735285
2.0015285
1.7670962
1.9364281
1.8906559
2.0787349
1.9767773
1.9460967
2.0385675
1.9991357
1.8671392
1.9205688
2.00386
2.005466
1.8830373
1.9148906
1.9048427
1.8113626
2.0731158
1.8536408
1.90364
1.9182107
2.0692325
1.88083
1.884345
2.0012798
1.8792379
1.860359
1.9691002
1.9584343
1.9854218
1.9395523
2.0074162
1.8737253
1.8404839
1.9685857
1.8374615
2.1406069
1.9513302
1.9115725
1.7703642
1.9249382
1.9443312
1.9284451
1.9494938
1.854757
1.922237
1.9455191
1.9526005
2.006939
2.0510535
1.7618716
1.9678198
2.0167387
1.8289276
1.9960916
1.8793087
1.8193709
1.9959819
1.9566944
1.9098332
1.913983
1.8746344
1.7912613
1.9423519
1.8632139
1.9252424
1.9361312
1.9275862
2.0064101
1.8788021
1.8773321
2.076748
1.8254874
1.8158004
1.8053362
2.0288708
1.9348104
1.9257777
2.1355436
1.8836765
1.9120944
1.9128706
1.91609
1.896272
1.9067074
1.9809126
1.9946836
2.0404112
2.0726752
2.0112205
1.8502524
1.8838098
1.8719971
1.9443958
1.8864914
1.9809691
1.8995926
1.9227016
1.8164631
2.0299973
1.9772434
1.8596367
1.8370224
1.965676
1.9262569
2.0171118
1.9864018
1.9910437
1.8774002
1.984507
1.9095638
1.8297861
1.8781064
1.9072182
1.8853416
1.7812927
2.0061436
2.0848966
1.9123074
2.1571424
1.8004789
1.9884952
1.969722
1.8403505
1.9239193
1.9819807
2.0772395
1.9556297
1.9082521
1.9318807
1.8793838
1.7704586
1.9573736
1.8897727
1.9294221
2.0097544
1.977766
2.0283682
1.8780386
1.9675423
1.9746897
2.0134265
2.014541
1.8843428
1.8984928
1.922807
1.8552694
1.8848
1.9843048
1.890433
2.0163898
1.8602123
2.011234
2.0081277
2.0293584
1.9549061
1.9029096
1.974569
1.790199
2.027849
1.8232403
2.0013392
1.9091955
1.9771942
1.9510723
1.9216427
1.9321213
2.0006466
1.9677967
1.8713776
2.012374
2.205152
1.808398
1.8847435
2.0584483
1.9402443
1.9738827
1.8741663
1.9858173
1.9817251
1.9214445
1.9582651
2.0713992
1.8665311
1.841464
1.9915527
1.954216
1.8563659
1.9065845
1.9389808
2.0311236
1.8835199
2.0706294
1.976744
1.8864607
1.8592358
1.8792782
1.9443607
1.9272625
2.0274484
1.9371512
2.0639946
1.9745934
1.9815397
1.8724521
1.9584957
1.9484913
1.9615122
1.9969069
1.9956598
1.7234198
2.0195796
2.110484
1.8650663
1.895993
2.1059577
2.0554106
1.999953
2.0814626
1.9510725
1.9994227
2.0671394
1.8535392
2.0402393
1.9628067
1.9382057
1.9997604
1.9794939
1.9462163
1.9374346
1.8612801
2.0197496
1.8682601
1.8860042
2.0246005
1.9157091
2.0176785
2.071949
1.9549898
2.0174189
1.911054
2.0818272
1.8188524
1.8956467
2.079185
1.8794435
1.879036
1.9999613
1.9902904
2.0581012
1.9386089
2.135994
1.95565
1.9849932
1.9755199
2.1488504
2.0483773
2.1187978
1.8775036
1.9445022
1.9215763
1.9647715
2.0655966
2.0734563
2.0187259
1.7705708
2.0246723
1.9428822
1.9901472
1.9212959
1.9636663
1.8482313
2.1335614
2.0169165
1.8891337
1.9128788
1.9381536
1.9952583
2.041257
1.917947
1.9391892
2.0567765
2.0490525
2.0674555
1.9412334
1.8897177
1.9490734
1.9396222
1.9608495
2.029986
1.8902918
2.0932586
1.9629955
2.0694938
2.006288
2.0216293
2.1595206
2.020548
2.0150867
2.1431928
2.033175
1.9627498
2.0232086
2.0399032
1.848188
1.9715707
1.9272321
1.9826691
2.0545897
1.9674736
1.9300219
1.9752827
1.9911858
2.0067983
2.010613
2.0200472
1.916786
1.9256613
2.1138008
2.0225637
1.9673306
2.0792174
2.0205069
2.0300136
2.0182145
2.01689
1.9419935
1.9859352
2.0324388
1.857754
2.0282123
2.1592343
1.8974041
1.9897492
1.9843022
2.0054495
1.9969661
1.9408993
1.9003807
2.0791502
1.9120926
2.0418513
1.951112
1.9398086
2.1102102
1.985417
1.8963642
2.148233
1.9765959
2.0625396
1.9737556
1.948827
2.0596738
1.9354044
2.0432081
2.1777272
1.913965
1.9471375
1.9539044
1.9390339
2.0338645
2.097649
1.9333794
2.080729
1.9834526
2.0813441
1.855119
2.2302241
1.9659939
1.9059061
1.9334805
1.9781837
1.9525402
2.0116177
1.8868767
2.0021052
2.0842013
2.0174448
1.897164
1.9154285
2.0078273
2.0318053
2.0738583
2.0992343
1.9989941
2.097384
1.8959663
1.9508035
1.989611
1.9375347
1.9689438
2.0431893
1.9975064
2.133429
2.0238845
1.9322256
1.9947002
2.0145555
1.9851115
2.1167254
2.0042331
2.0276606
2.0031571
2.049099
2.041383
2.0869095
2.0138302
2.0391006
2.0193396
2.0408418
1.9435247
2.1168828
1.9488585
2.0781498
1.9315393
2.102108
2.050132
2.1888108
2.0692253
1.9824247
2.1847613
2.1299136
2.0375214
1.935497
2.0534554
1.9481084
1.978554
2.135984
2.099092
2.048287
2.2155387
2.1484852
2.1657875
2.07274
2.0932143
2.0777404
2.0830102
2.0155349
2.0886614
2.0021465
1.9926007
1.9444113
1.8940331
1.9495919
1.9945484
1.9563767
2.2485635
1.9910481
2.0917757
2.1295578
2.0100856
2.028816
2.0058386
1.9222889
2.1013815
2.0318332
2.1186118
2.0634081
1.9539821
2.118493
1.9399054
2.0888925
1.8610756
1.9684536
1.9595505
2.1373615
2.087653
2.0793033
2.0621588
1.9837058
2.0390315
2.064337
1.9640741
2.136557
2.1705875
2.0351214
2.0580106
2.0551162
1.9659634
1.9350601
1.9221904
2.0287929
2.2144291
2.2836308
2.0309765
1.9499061
2.0620525
2.1218333
2.079446
2.1111512
1.9350121
2.048265
1.9241698
1.9716694
1.976327
1.9971383
2.107433
2.2356284
1.9938555
2.0952325
2.0946603
2.1058702
2.164793
2.2074409
2.0360706
2.141971
2.1280189
2.0534158
2.071244
2.081166
2.1894276
2.0906792
2.0142536
1.9705509
1.9401054
1.9514153
2.106789
2.0961998
2.0819678
2.0920343
1.9624859
2.0349736
2.0015342
2.009457
2.122804
2.1866696
2.0602496
2.0319724
2.0122485
2.1196682
1.9412864
2.0127795
2.1908855
2.083634
2.0410721
2.0941553
2.1531956
2.0416262
1.9784056
2.0163713
2.1412883
2.0492175
2.1556675
2.0965734
2.0649989
2.2166905
2.09729
1.9370562
1.9591045
2.246306
2.024701
2.1090019
2.1241481
2.0915112
2.111261
2.106822
2.128919
2.1521728
2.0470688
1.9602963
2.176263
2.0062013
2.1785405
1.903601
1.9187031
1.9467049
1.9899199
2.1544213
2.1398702
2.1750145
2.104995
1.9742086
2.1143944
2.077108
2.1354177
2.1121554
2.0450685
2.126018
2.302924
2.146031
2.2125626
2.0670593
2.1359646
2.2247987
2.0579526
1.9610317
2.1436162
2.110985
2.2092738
2.1787043
2.0771985
2.1154654
2.221423
2.019622
2.1691766
2.0331936
2.2723134
2.0004766
1.9493439
2.1749701
2.2629364
2.2027159
2.0912004
1.9615898
2.1289935
2.1986766
2.246901
2.202927
2.0522962
2.185735
2.2091393
2.1657894
2.047214
1.9833214
2.07968
2.0858755
2.0929177
2.1144383
2.1254063
2.0257602
2.2006783
2.1396801
2.012237
2.1965704
2.006571
2.1727781
2.1605802
2.0060954
2.009982
2.0529559
1.9556633
2.0643983
2.0268853
2.1766133
2.1901884
2.1457715
2.1196172
2.2324119
2.2078235
2.0291061
2.0766246
2.0459077
2.1046567
2.0847888
2.0939877
1.9873154
2.0975313
2.1207526
2.2880654
2.0291052
2.0965633
1.9623203
2.0701573
2.036899
2.1468663
2.1860218
2.1055295
2.113557
2.2108238
2.0649266
2.1779494
2.1045747
2.1892009
1.9633869
1.8950949
2.1486259
2.122639
2.0959978
2.0827107
2.0631585
2.1839862
2.0804524
2.3002608
2.0217144
2.1705077
2.1316876
2.135569
2.050015
1.9749581
2.0865703
2.0472083
2.2108016
2.1090672
2.1244993
2.2534137
2.095869
2.2778885
2.0335972
2.1207626
2.0071707
2.2021856
2.1459866
2.1379724
2.089599
2.156217
2.138706
2.1305928
2.0355191
2.1298428
2.1941946
1.886483
2.0582128
2.1264157
2.12293
2.1662037
2.055117
2.1335115
2.1121101
1.9348959
2.209969
2.0703082
1.9690326
2.0984304
2.061587
2.0234916
2.063067
2.1179218
2.0685933
2.1209893
2.0645115
2.1675699
2.1558056
2.0384598
2.014277
2.1037579
2.1080673
1.9758532
2.0478473
2.0861964
2.11423
2.114617
2.0211391
2.1073833
2.0121753
2.1180868
2.0595984
2.0920453
2.22212
2.1444924
2.194142
2.165399
2.1257198
2.0985088
2.1268947
2.1077876
2.1576216
2.125608
2.2568665
2.1964169
2.1566308
2.0201478
2.216214
2.2001069
2.147517
2.1561866
2.2602065
2.1034303
2.1966832
2.1259499
2.1030686
2.2244337
1.9761032
2.087068
2.0399485
2.1387286
2.2694237
2.0403714
2.1204836
2.2718797
2.1838737
2.143797
2.140386
2.1021152
2.1232553
2.2098088
2.2053292
2.337917
2.0951273
2.10218
2.2048278
2.0366063
2.1192434
2.1497278
2.28088
2.1312897
2.094312
2.1875117
2.2597787
2.1154015
2.256973
2.2546058
2.117432
2.1336799
2.2950644
2.1708183
2.197033
2.0545506
2.2119324
2.153845
2.0047219
2.208974
2.2812533
2.2724051
2.2822208
2.0238938
2.291965
2.0711818
2.1827874
2.227787
2.2066529
2.1602452
2.0856311
2.1760497
2.344089
2.2854295
2.16679
2.176389
2.0462546
2.0476842
2.254368
2.254644
2.3794208
2.2919896
2.3416786
2.264772
2.190188
2.0460222
2.1661985
2.2682605
2.0969071
2.1343808
2.2401614
2.03125
2.288445
2.321986
2.128809
2.300111
2.0635731
2.242108
2.1697688
2.2268953
2.1377635
2.1839626
2.098305
2.3267498
2.1757722
2.2436414
2.3277996
2.2660007
2.3009949
2.3422549
2.2628546
2.1097126
1.9906228
2.322673
2.115527
2.1961424
2.3070147
2.2414713
2.2043204
2.0672348
2.2571075
2.1387725
2.2291594
2.141936
2.148725
2.2145562
2.2259078
2.0724275
2.2166443
2.1292348
2.1037405
2.1515417
2.0742917
2.0824451
2.2389493
2.1987205
2.2227278
1.9911673
2.4692998
2.4492154
2.2276263
2.2391477
2.2025228
2.1341388
2.276156
2.3568032
2.3600295
2.1349254
2.1352105
2.1495736
2.106648
2.270389
2.2178917
2.2487514
2.206722
2.1284308
2.1615348
2.2734718
2.2303913
2.2608929
2.2951481
2.3571172
2.1756425
2.2182693
2.0468097
2.160682
2.1558063
2.1232743
2.1704865
2.3168597
2.1798828
2.2218223
2.28437
2.1943572
2.224036
2.0866752
2.11664
2.1937866
2.2372735
2.3572185
2.1350398
2.2922244
2.139098
2.0604627
2.236904
2.2270064
2.1988492
2.1920047
2.0694432
2.1968365
2.2604706
2.1218514
2.2070658
2.1877937
2.3969493
2.303453
2.1838965
2.3439887
2.210165
2.2548718
2.100807
2.137196
2.2366633
2.1466107
2.1560664
2.047108
2.3233116
2.1434088
2.2100666
2.2379763
2.297672
2.039169
2.2268608
2.2010403
2.0945346
2.2704797
2.2246602
2.389447
2.332292
2.3043566
2.2395737
2.2139926
2.200872
2.2062986
2.2515013
2.1206267
2.2776036
2.0739703
2.2838502
2.2617688
2.517964
2.3540282
2.3264503
2.2213244
2.251737
2.0654397
2.1454747
2.200164
2.2224724
2.2440789
2.3736374
2.1850502
2.103122
2.2772462
2.3497381
2.1610959
2.0860362
2.047219
2.1648884
2.222124
2.2122052
2.2056272
2.2190135
2.347311
2.1235633
2.2829788
2.219565
2.3186145
2.1782465
2.2520885
2.1637995
2.1834793
2.2222757
2.1603026
2.110766
2.2945433
2.1397464
2.2674084
2.3380075
2.053346
2.2007816
2.145503
2.1840224
2.082483
2.2132072
2.1403923
2.0961456
2.2934442
2.3189788
2.1677043
2.1619892
2.267625
2.197028
2.1682587
2.0976734
2.2908666
2.0642087
2.2657292
2.3391817
2.3045769
2.452697
2.235059
2.3547044
2.1752157
2.2336419
2.1177258
2.204805
2.2939506
2.2762244
2.2765388
2.0330796
2.1656902
2.171783
2.5304885
2.2935214
2.1674078
2.2851071
2.1996646
2.196425
2.2422662
2.286884
2.3496718
2.2941763
2.3088508
2.2092543
2.1346095
2.184069
2.1031227
2.3255916
2.2391531
2.2123938
2.316536
2.2035944
2.3188524
2.1225414
2.131178
2.1703205
2.4771159
2.4291873
2.3050933
2.1530864
2.3202481
2.4083831
2.2652123
2.2262201
2.1519332
2.3029563
2.22439
2.0480075
2.2124786
2.0787368
2.2581627
2.449349
2.3605642
2.215559
2.3568807
2.1451707
2.1485858
2.1654818
2.2382855
2.2946765
2.2175202
2.2515278
2.215146
2.2385325
2.1572106
2.1958032
2.249228
2.2186515
2.1638696
2.2575672
2.2507699
2.3292108
2.1611981
2.2752662
2.2251327
2.1164136
2.180592
2.0574234
2.1357474
2.2753837
2.2912514
2.2073166
2.2765641
2.2108295
2.146078
2.2495449
2.260406
2.1879773
2.1806793
2.1476927
2.2629168
2.2067363
2.1516767
2.3695354
2.2984815
2.0407524
2.1421828
2.229
2.1285908
2.2781928
2.1348858
2.2903004
2.2074847
2.1980126
2.486746
2.3068013
2.1557925
2.1494281
2.3029666
2.242597
2.1967826
2.3611937
2.169353
2.1773736
2.1132805
2.3080144
2.3798218
2.215701
2.3149369
2.195426
2.252321
2.3032517
2.312529
2.206903
2.1527467
2.1397269
2.2486856
2.371801
2.0893376
2.2004676
2.2322035
2.2526047
2.2658467
2.230342
2.091319
2.3194768
2.2397583
2.2495494
2.1847737
2.3840754
2.3090158
2.221402
2.1599371
2.313932
2.204363
2.2995973
2.2522967
2.2640252
2.2739775
2.4012103
2.22115
2.105529
2.2475576
2.1601503
2.1456945
2.3495755
2.2544408
2.0932944
2.374972
2.1471848
2.1553705
2.2629306
2.1947894
2.4795523
2.1061969
2.3092372
2.1128502
2.4619434
2.2171533
2.1201243
2.1130993
2.3116539
2.1728446
2.3001008
2.3504248
2.2000268
2.1670322
2.1050968
2.2342048
2.1082194
2.125772
2.190856
2.288393
2.251675
2.1772335
2.226407
2.0811923
2.1514003
2.1313686
2.2909596
2.2231154
2.3020492
2.3263123
2.1892338
2.1284351
2.279815
2.2948787
2.118255
2.2312527
2.387123
2.2954674
2.2440212
2.2816978
2.0936224
2.3173134
2.194018
2.0670662
2.1895452
2.1854393
2.1818657
2.2740464
2.22103
2.146668
2.261842
2.3921278
2.3249898
2.0604205
2.350883
2.1894622
2.3528638
2.1862397
2.2180386
2.078748
2.2268682
2.3546574
2.3259423
2.1533742
2.2389414
2.2554777
2.1812794
2.2191925
2.341493
2.2474797
2.0641932
2.1375065
2.2232852
2.1373591
2.264791
2.2503455
2.3089828
2.3255413
2.2423737
2.1738915
2.242759
2.1906483
2.4077892
2.2906742
2.3108418
2.3125858
2.152023
2.167793
2.3632076
2.3760953
2.212254
2.1294994
2.1333613
2.2227237
2.4839215
2.442762
2.2055562
2.237428
2.2083259
2.4068956
2.1002345
2.3410344
2.1334386
2.1109502
2.2110183
2.2991345
2.3098912
2.2613482
2.2922037
2.2301888
2.2343915
2.395808
2.0411725
2.2457182
2.2253175
2.2329073
2.1154122
2.17245
2.3042033
2.1934433
2.4240966
2.4863877
2.1608086
2.1284273
2.1860588
2.1963947
2.1702008
2.196137
2.171336
2.1721609
2.2635102
2.2547188
2.4003837
2.4030344
2.2002969
2.2165918
2.139976
2.3363883
2.326047
2.2751913
2.2481663
2.2462306
2.3135426
2.3623495
2.288301
2.270582
2.155796
2.376028
2.2353702
2.2933369
2.247815
2.1975214
2.286768
2.3087378
2.3643043
2.1747737
2.29699
2.1388526
2.2729764
2.0780716
2.3034565
2.2489738
2.3200786
2.0817552
2.2167382
2.3206048
2.3783672
2.3679223
2.3056073
2.2804818
2.253946
2.3476872
2.0688114
2.2317336
2.4548097
2.3813825
2.3028493
2.2581716
2.2935443
2.1494606
2.2974787
2.069614
2.275634
2.2026267
2.248456
2.1132984
2.3768752
2.2611654
2.2091603
2.3330271
2.052605
2.3174517
2.3756537
2.0739646
2.3067584
2.0750365
2.2814424
2.067532
2.146511
2.4378476
2.3022094
2.1520553
2.330667
2.2739375
2.3333862
2.1113384
2.3267035
2.2969272
2.2812595
2.1479347
2.4316735
2.1277375
2.3337758
2.1955523
2.3840315
2.0694344
2.2925727
2.3989615
2.2144685
2.3903213
2.3074925
2.2521157
2.1840987
2.2153907
2.1522336
2.2347112
2.3757396
2.186835
2.4541442
2.0924788
2.317395
2.119667
2.2124133
2.1840923
2.3043067
2.2483416
2.313923
2.1929975
2.2678628
2.1719568
2.2659988
2.2023506
2.2383819
2.097627
2.244955
2.3401778
2.1961648
2.3334165
2.3921359
2.1994653
2.3927076
2.2761252
2.207712
2.1056867
2.0707207
2.2085652
2.2808442
2.1861799
2.2090898
2.231346
2.272552
2.2876163
2.1732082
2.0747495
2.2116556
2.1093993
2.1136875
2.2532449
2.14393
2.1077838
2.2293925
2.149297
2.157464
2.159383
2.3036835
2.3109207
2.352892
2.248979
