9.903453
4.0889387
3.8240662
3.344553
3.2246463
3.155428
3.3168323
3.0458045
3.034972
3.114972
3.0010316
2.9809327
2.8487592
2.798251
3.064719
2.567944
2.7454746
2.7300692
2.8787227
2.9337735
2.737699
2.9112287
2.629488
2.9761689
2.8875594
2.7248826
2.6021657
2.8711486
2.6102114
2.736262
2.686824
2.5610137
2.455153
2.6505065
2.6119592
2.8864036
2.743027
2.4934947
2.6610978
2.7961895
2.7212348
2.9097772
2.8448677
2.4457731
2.48244
2.5960388
2.652165
2.7924128
2.641542
2.5623333
2.6269207
2.5431104
2.735455
2.7648473
2.6630826
2.6241534
2.3956895
2.5772512
2.5547173
2.639399
2.7296739
2.710919
2.619693
2.4796295
2.7101505
2.4016886
2.5791981
2.7458608
2.5758862
2.628582
2.6946442
2.5310555
2.7032228
2.463087
2.7401814
2.5085046
2.4770322
2.650583
2.793102
2.8355577
2.6463685
2.4917297
2.593162
2.5295954
2.6700053
2.4905472
2.5846944
2.5892255
2.5706155
2.5337029
2.5443738
2.5554783
2.6395278
2.8645802
2.5176387
2.4176345
2.6147115
2.5320313
2.4497514
2.6024063
2.530412
2.332029
2.4374902
2.5551105
2.396255
2.4679093
2.5906043
2.6244464
2.4754977
2.3654153
2.6310287
2.5747561
2.6692994
2.594326
2.5940008
2.2933354
2.384468
2.610127
2.6388402
2.5341406
2.5452733
2.5088377
2.4136002
2.6276655
2.494587
2.4549
2.4911664
2.58619
2.4452019
2.5195022
2.4055305
2.4243944
2.543459
2.4072106
2.4557757
2.6426105
2.3877583
2.400338
2.3619342
2.4122176
2.420363
2.6581738
2.9973817
2.5805027
2.5124223
2.5652108
2.3229616
2.4680812
2.542678
2.3473303
2.3890266
2.4422681
2.2661693
2.5164247
2.410274
2.3752913
2.275268
2.3844352
2.5831614
2.6770957
2.4439511
2.5990064
2.489561
2.2684216
2.5859413
2.4813066
2.5643055
2.4104686
2.462915
2.4184105
2.480661
2.3245316
2.4331894
2.4832208
2.367796
2.5328987
2.4309027
2.4900672
2.387452
2.6110313
2.538839
2.2568543
2.175391
2.3207219
2.4183083
2.4579742
2.427649
2.4956965
2.5378807
2.1840172
2.3576164
2.411161
2.5516548
2.3348804
2.4857337
2.41009
2.4980228
2.4719644
2.6135132
2.387848
2.2313962
2.3864388
2.41336
2.4193892
2.4184828
2.389007
2.402911
2.4633079
2.4967499
2.5217845
2.6036878
2.64252
2.4324238
2.541349
2.5903265
2.6554139
2.5955987
2.3936834
2.3300126
2.5555909
2.4899888
2.5047657
2.6364474
2.3784301
2.6034675
2.2782645
2.2283378
2.5448375
2.4857795
2.6827652
2.4593258
2.5731843
2.2710228
2.506279
2.3615477
2.6288872
2.3766444
2.437444
2.508341
2.2768378
2.5080192
2.614174
2.420195
2.5150456
2.4229338
2.4481847
2.2347298
2.5330787
2.4768767
2.3569303
2.4552436
2.3364377
2.50029
2.5009942
2.3604875
2.454297
2.325376
2.5753865
2.4574056
2.4604635
2.5227866
2.516107
2.3325658
2.4387197
2.3467345
2.3527045
2.3470254
2.4475658
2.2833753
2.523552
2.3090072
2.3405423
2.6540434
2.3655515
2.320363
2.3076215
2.357877
2.2665446
2.4530327
2.341837
2.455495
2.4452462
2.3235095
2.2510917
2.8249795
2.4103272
2.5526211
2.384993
2.6121893
2.3053412
2.3879688
2.3217406
2.417848
2.6409237
2.5955849
2.6067376
2.4988673
2.6820047
2.4005547
2.435215
2.539212
2.2725608
2.3813148
2.379979
2.3462014
2.4981115
2.4806237
2.1594045
2.4970152
2.4969647
2.3822722
2.6397777
2.271212
2.496656
2.3990428
2.310254
2.7018065
2.3062274
2.2481503
2.5168297
2.139874
2.3269546
2.4044335
2.3868346
2.2872949
2.3370252
2.5036387
2.5181
2.5131853
2.3585792
2.5680935
2.4291587
2.5188606
2.5073872
2.5131285
2.4412818
2.358684
2.67761
2.383726
2.6738813
2.444689
2.6469607
2.540738
2.3878608
2.4820924
2.6957107
2.4542847
2.3934894
2.2663267
2.2683268
2.3741908
2.5024912
2.5187957
2.478686
2.6372657
2.4254715
2.360777
2.4222176
2.507709
2.3605442
2.2831666
2.4043224
2.5744343
2.4043913
2.5699315
2.485628
2.4260018
2.1934419
2.540238
2.3997822
2.383412
2.4898448
2.4516635
2.3684058
2.2663176
2.4400802
2.3326306
2.2675002
2.569718
2.3596091
2.6474981
2.4851537
2.2945356
2.4065254
2.3885381
2.4517865
2.4832046
2.5033717
2.1889715
2.54176
2.430539
2.4140325
2.437593
2.434236
2.4907303
2.355979
2.386636
2.502284
2.4423423
2.54396
2.3705564
2.2879214
2.50761
2.439491
2.5282683
2.1961985
2.5400686
2.4531887
2.2729192
2.3689551
2.2998614
2.454427
2.384282
2.3996215
2.3762565
2.2444851
2.4583564
2.3705754
2.415305
2.2950642
2.5435033
2.2616923
2.40479
2.647984
2.5971284
2.3259275
2.4671538
2.3517356
2.4762616
2.480328
2.3219333
2.4458358
2.3862267
2.4397864
2.5037038
2.363043
2.541133
2.452043
2.3424485
2.1967494
2.381449
2.3761961
2.4960127
2.4336357
2.288265
2.4171948
2.4333115
2.5747235
2.2416234
2.4386618
2.3399098
2.5420854
2.382483
2.3482459
2.3854809
2.374801
2.6614337
2.3938437
2.4462702
2.357959
2.377727
2.2714076
2.4523232
2.375192
2.381336
2.4443417
2.2963378
2.4323993
2.285188
2.3172739
2.500609
2.3750198
2.2584672
2.2035887
2.5353692
2.3209713
2.536684
2.2946906
2.4356885
2.4968383
2.5594954
2.3052242
2.457683
2.6697912
2.487883
2.4857135
2.1743512
2.2453082
2.3452165
2.341496
2.4721506
2.3435893
2.2153292
2.6140988
2.4001265
2.3239036
2.5062222
2.3084626
2.501227
2.618625
2.416792
2.4438796
2.6248908
2.4760387
2.3730557
2.4370835
2.3909013
2.4866579
2.4037232
2.4456346
2.3555875
2.3680072
2.2555432
2.5691352
2.1947138
2.2299278
2.3167686
2.474609
2.255962
2.3405008
2.4356303
2.3386843
2.4055839
2.3465025
2.4433796
2.4183347
2.5162387
2.3162498
2.3801079
2.5794587
2.3783383
2.4054432
2.3790662
2.5104856
2.3216212
2.3017573
2.445436
2.1718588
2.2808518
2.3743596
2.6501915
2.3216376
2.4911885
2.5407047
2.3174856
2.30106
2.267549
2.6266942
2.5443206
2.1768768
2.443585
2.3951423
2.590264
2.3684032
2.280598
2.44102
2.2722526
2.4346251
2.3959649
2.2778788
2.3135529
2.3627791
2.3838649
2.522829
2.4545748
2.6254807
2.4775956
2.3649657
2.6506279
2.5864568
2.3879752
2.4785862
2.3927493
2.4381888
2.308693
2.3546338
2.4962053
2.458124
2.547995
2.469561
2.3002965
2.3805377
2.4780498
2.3048034
2.4692674
2.6096694
2.30185
2.4990134
2.4043725
2.4427466
2.3006387
2.406693
2.2989507
2.6113954
2.2740505
2.4336052
2.3120008
2.4251227
2.5507674
2.3832183
2.3975196
2.5110593
2.4161658
2.203569
2.4116645
2.577274
2.2532692
2.274837
2.328926
2.397222
2.3255162
2.3929024
2.4270904
2.404463
2.4220638
2.3919024
2.366118
2.397679
2.2416465
2.4563015
2.4073513
2.3267205
2.3260894
2.404711
2.264723
2.4664252
2.415245
2.2363763
2.528124
2.3534336
2.3827832
2.3151352
2.2296863
2.2674944
2.2975717
2.2388086
2.3391814
2.3998287
2.4760292
2.4691324
2.6411023
2.6768746
2.546968
2.3367746
2.4943016
2.3560033
2.3914921
2.505959
2.4515731
2.3982515
2.4595094
2.4160736
2.5283172
2.4595423
2.3449528
2.4143856
2.1408775
2.361312
2.2948565
2.2562735
2.378883
2.370756
2.4366975
2.483897
2.4524014
2.5375705
2.3589692
2.5355732
2.3112726
2.21977
2.4641404
2.337174
2.2472718
2.2783542
2.27609
2.282992
2.4695
2.36961
2.6032662
2.3742204
2.4025526
2.4973059
2.4815955
2.6381998
2.2300813
2.5806832
2.285181
2.1718745
2.2966175
2.2982328
2.459652
2.3740616
2.3154588
2.5588121
2.485241
2.4573226
2.222633
2.2067633
2.2112932
2.3616056
2.423248
2.3635182
2.3940322
2.5871165
2.5476787
2.253631
2.2489638
2.3066316
2.3101106
2.3268547
2.610125
2.447082
2.5882745
2.4493842
2.4148726
2.4427106
2.3592446
2.245655
2.3799071
2.4190104
2.4156365
2.333439
2.4089437
2.3790648
2.3976464
2.2873805
2.4970813
2.297329
2.5186932
2.4403968
2.300523
2.186896
2.4889069
2.4126608
2.4893174
2.2756271
2.3508894
2.4672952
2.191699
2.2591348
2.3936684
2.5338142
2.302034
2.4005182
2.513483
2.491916
2.4415443
2.4763074
2.4043417
2.3257668
2.2993708
2.3766704
2.6179988
2.296554
2.346662
2.3425899
2.4332333
2.4488053
2.370411
2.4076266
2.3695214
2.5301824
2.4335914
2.2652102
2.4154716
2.4803019
2.4921832
2.590016
2.3574686
2.54583
2.527328
2.4967217
2.1584718
2.4293969
2.2998443
2.3343952
2.4385417
2.4353898
2.6598527
2.24184
2.2601678
2.406285
2.2871764
2.4546847
2.333107
2.4122355
2.2884579
2.4191883
2.3663802
2.6098883
2.479508
2.4553623
2.5852327
2.3557909
2.452001
2.279714
2.3624256
2.5380914
2.3790102
2.3689227
2.4658284
2.5842288
2.250626
2.6132443
2.4430056
2.4256835
2.4231884
2.361011
2.4195962
2.3399374
2.390162
2.4403746
2.4509015
2.4152205
2.5498385
2.3506477
2.4892297
2.29904
2.4767115
2.5335176
2.3954358
2.2475173
2.2032447
2.2870502
2.3793926
2.291803
2.5504053
2.4365036
2.319675
2.4127762
2.3284888
2.4250815
2.4937613
2.4387364
2.2167397
2.4087498
2.2738438
2.3149273
2.2974048
2.5705304
2.2834964
2.3448164
2.3805695
2.225463
2.385003
2.4485183
2.3204992
2.4460697
2.6086113
2.4082818
2.260532
2.2592843
2.4947479
2.3392255
2.4674249
2.420259
2.4685678
2.2790837
2.3635144
2.3940303
2.3891935
2.2537334
2.4070952
2.4511714
2.3098228
2.444431
2.561173
2.4258575
2.2153256
2.095057
2.216002
2.455284
2.6725945
2.3273108
2.2326093
2.4926457
2.4974847
2.455543
2.606022
2.4469655
2.3077219
2.5923543
2.4105632
2.407238
2.3247895
2.481854
2.3574529
2.4591298
2.5186622
2.4204304
2.4759986
2.551273
2.4415753
2.2362335
2.5736043
2.468347
2.4476402
2.238723
2.4318843
2.34345
2.124078
2.541587
2.3921626
2.5147853
2.3946297
2.447407
2.4372756
2.418531
2.6988986
2.5045824
2.4477282
2.4132006
2.467566
2.313949
2.2003407
2.3983364
2.4410121
2.208351
2.301051
2.2724109
2.3565135
2.362253
2.2635803
3.024215
2.3728473
2.26444
2.4448714
2.3195755
2.4730566
2.4180062
2.378951
2.3841906
2.2216194
2.5083733
2.085189
2.2524264
2.5272508
2.3392208
2.4147115
2.34298
2.5151343
2.299897
2.4420402
2.4621983
2.2816389
2.2924318
2.4517398
2.141654
2.3561196
2.4304404
2.3294086
2.5824018
2.2713027
2.3468153
2.3801503
2.300156
2.553704
2.3803134
2.4009826
2.4304166
2.315444
2.241712
2.3948205
2.7495909
2.3431876
2.3870213
2.47364
2.4823096
2.5960288
2.6987853
2.4234364
2.3055186
2.3930342
2.4457157
2.3140178
2.654823
2.3982625
2.472161
2.3916173
2.46301
2.5357497
2.3593125
2.5194438
2.3690174
2.3244967
2.364563
2.3213773
2.3125317
2.4092329
2.5434885
2.289919
2.45483
2.4553478
2.4146628
2.6250527
2.0518787
2.5674121
2.4232738
2.470271
2.4923847
2.5232244
2.2622027
2.3637302
2.2286842
2.4169424
2.46666
2.6108005
2.5482993
2.419851
2.3105683
2.3709817
2.4081848
2.4420981
2.3169522
2.4173822
2.6139007
2.3606904
2.3539042
2.314875
2.414497
2.5265727
2.5654378
2.358417
2.3318596
2.2062895
2.3400552
2.5309908
2.4284031
2.5726058
2.493283
2.3547127
2.2196116
2.4577756
2.5305836
2.4375482
2.4117236
2.4796205
2.4411664
2.494825
2.4492173
2.235002
2.5304167
2.32544
2.4281764
2.4593215
2.4132788
2.3369215
2.599072
2.364685
2.3962922
2.4045527
2.318358
2.444962
2.4317403
2.5188935
2.4456768
2.248071
2.4791656
2.3014576
2.2869573
2.3628955
2.5574174
2.4328876
2.2347372
2.3114846
2.359538
2.3843808
2.361689
2.3992836
2.374762
2.618443
2.5210674
2.4662833
2.406077
2.2578616
2.3326278
2.3763576
2.3632941
2.2751286
2.4052765
2.5539973
2.4615784
2.3815942
2.2666028
2.3884504
2.4761577
2.2973075
2.2591815
2.4293733
2.3049674
2.433542
2.3736455
2.3319857
2.321391
2.5911841
2.4268932
2.4030533
2.2995496
2.3442857
2.2282085
2.4236913
2.2597413
2.3310869
2.18961
2.435161
2.3120272
2.3571835
2.2392716
2.5216022
2.369924
2.4914544
2.404397
2.6033502
2.3484914
2.3307104
2.4956985
2.5047278
2.336686
2.253645
2.5919218
2.471729
2.4542997
2.149652
2.3232567
2.3208833
2.2659218
2.2359972
2.3805459
2.1413636
2.456058
2.4436958
2.3923597
2.4500535
2.3490274
2.2608297
2.572171
2.3088453
2.1378207
2.4043136
2.2804353
2.2701795
2.3766787
2.3628616
2.4204838
2.2423282
2.4371152
2.629209
2.5026584
2.416173
2.395142
2.3861732
2.450504
2.5054352
2.3867822
2.3212757
2.231174
2.598777
2.402005
2.2492816
2.427912
2.4272788
2.2789052
2.3981164
2.4470358
2.2845533
2.2700691
2.217876
2.298137
2.5351005
2.3701935
2.5403247
2.346613
2.2184691
2.4587355
2.491152
2.5072541
2.368965
2.3343222
2.3865147
2.3969088
2.3140206
2.1702046
2.2356474
2.3817062
2.466344
2.295443
2.2003987
2.4108784
2.355271
2.2611804
2.408053
2.4556637
2.3313603
2.504753
2.3532588
2.4950256
2.3607864
2.4289186
2.3412528
2.3292875
2.5564773
2.3068073
2.4134073
2.3451319
2.459581
2.3852284
2.3958967
2.2873843
2.415016
2.5635843
2.3646333
2.2061973
2.5065885
2.3225281
2.33807
2.4983068
2.2943332
2.3630261
2.4068408
2.3258786
2.337556
2.604023
2.2104
2.2411175
2.3370626
2.2433212
2.383722
2.3365753
2.5473552
2.3791678
2.4652383
2.4411075
2.4488082
2.4677804
2.4694088
2.483348
2.481717
2.512758
2.3727036
2.4902186
2.4516644
2.2299743
2.1757379
2.4382198
2.430963
2.3246396
2.3804843
2.5726857
2.225048
2.438661
2.5240898
2.311826
2.2666488
2.310543
2.3456018
2.4191854
2.3649948
2.2775977
2.6267047
2.3574636
2.5816607
2.3697631
2.5329354
2.199981
2.2457826
2.4113107
2.4469304
2.2399352
2.5133345
2.324326
2.4911437
2.3315713
2.3992274
2.490046
2.2370875
2.332425
2.4546604
2.4801521
2.5386758
2.1728435
2.505018
2.3820138
2.3624673
2.62066
2.2568803
2.5216928
2.417986
2.4302514
2.4908938
2.6694236
2.2042298
2.3221853
2.1667655
2.386196
2.298683
2.5102773
2.1817355
2.2637658
2.3407214
2.2577522
2.3231435
2.3703618
2.3008535
2.3738914
2.3903732
2.34316
2.3708832
2.566651
2.2958329
2.2636917
2.4362426
2.288944
2.3884645
2.586132
2.3682282
2.2897754
2.3418381
2.448255
2.3114648
2.3740485
2.3634887
2.3015273
2.2247868
2.2512527
2.2042928
2.5431485
2.389922
2.3992772
2.4944415
2.3797004
2.323936
2.3801851
2.4086804
2.4165637
2.5146942
2.3869853
2.6302748
2.248283
2.41017
2.3671012
2.3045127
2.4085617
2.267206
2.2780056
2.5453274
2.3088725
2.4207616
2.4558558
2.2645612
2.2495646
2.400965
2.529725
2.581026
2.5233736
2.465395
2.3460443
2.4070528
2.4752173
2.574618
2.3279586
2.4395814
2.3946385
2.3404152
2.4204974
2.2968032
2.5936227
2.5553331
2.4610577
2.3222916
2.3615704
2.3693683
2.435667
2.380608
2.293583
2.579258
2.267528
2.4849372
2.4513202
2.2071967
2.2755685
2.359324
2.1476068
2.4464176
2.230566
2.589315
2.2702308
2.4076357
2.5525317
2.1882792
2.2585945
2.4682167
2.4553256
2.3173485
2.4693553
2.429653
2.3955178
2.433762
2.379911
2.442204
2.2709045
2.455954
2.4432576
2.4184575
2.53748
2.2699714
2.579784
2.5118458
2.3980618
2.3912597
2.3520103
2.4339125
2.4105458
2.4333224
2.4649932
2.3914065
2.2742596
2.319217
2.3137636
2.3576155
2.3660207
2.4624004
2.4083242
2.5768628
2.4822197
2.3123832
2.4279416
2.4120781
2.458189
2.246631
2.3509002
2.420865
2.2713208
2.268898
2.5718145
2.2615037
2.3914955
2.3199592
2.3050027
2.4679637
2.4415584
2.339823
2.4633923
2.5442977
2.5040615
2.3550053
2.4833865
2.509527
2.4297855
2.25532
2.5958445
2.3860269
2.4500604
2.369807
2.5302696
3.3065841
2.4837782
2.4452958
2.3232193
2.1681201
2.52131
2.3913646
2.2127812
2.4311352
2.5248265
2.4835308
2.2872653
2.4651263
2.419912
2.5268106
2.3474827
2.520364
2.2777324
2.3118982
2.4257526
2.2656696
2.2636893
2.3453577
2.1748872
2.5005488
2.292051
2.3436642
2.5507643
2.4193428
2.324411
2.471978
2.328046
2.4964068
2.1744392
2.4099898
2.511964
2.4588103
2.3998408
2.2704337
2.410317
2.335752
2.1889434
2.4818044
2.488863
2.341235
2.3599896
2.6240182
2.282238
2.2990696
2.3889012
2.440292
2.5399275
2.4675064
2.2729487
2.48445
2.370994
2.235444
2.5174649
2.288467
2.5102384
2.4841168
2.326118
2.3637953
2.4657104
2.3402512
2.3686101
2.424452
2.3593266
2.291799
2.3836555
2.362979
2.5216265
2.154972
2.281158
2.1804051
2.2842622
2.4865975
2.3683305
2.2373939
2.4777503
2.5525758
2.507406
2.498568
2.5047264
2.3658886
2.3674314
2.3371754
2.3637123
2.3692076
2.338116
2.3103685
2.2649984
2.387403
2.4989414
2.253238
2.5616298
2.420839
2.4545736
2.3538833
2.5228493
2.500053
2.2855654
2.4923112
2.3934262
2.401259
2.4275422
2.2854502
2.390634
2.39749
2.4417298
2.3386204
2.4239311
2.4876912
2.6224356
2.3976398
2.49523
2.3899817
2.352996
2.6340718
2.2483475
2.3225088
2.50502
2.3168926
2.4052665
2.438002
2.4151635
2.4590812
2.2804315
2.5750625
2.4019935
2.4462948
2.198835
2.510713
2.441345
2.3270464
2.432057
2.3304603
2.44623
2.2953773
2.4876313
2.400795
2.3680353
2.548799
2.3251595
2.526303
2.448627
2.5658984
2.3960066
2.528377
2.4601521
2.412927
2.2673352
2.4096227
2.2211704
2.421174
2.3376875
2.3140128
2.1063735
2.32943
2.4459147
2.3151414
2.2646034
2.4400392
2.3008504
2.231313
2.4797025
2.3040614
2.3678067
2.3215625
2.4583118
2.5978117
2.4109077
2.4678836
2.4935918
2.388309
2.3315241
2.4184036
2.296481
2.5273888
2.4833157
2.5454752
2.3186216
2.4937816
2.4068532
2.3945427
2.488287
2.303359
2.5230289
2.3147206
2.207857
2.2852292
2.4624639
2.3115473
2.523468
2.3444963
2.3765967
2.5125537
2.5995922
2.312759
2.3485076
2.3689773
2.5311513
2.582305
2.4050527
2.3423438
2.519503
2.5493217
2.3928914
2.3746037
2.5199811
2.2065454
2.4014874
2.3972669
2.3892756
2.2398484
2.4115832
2.3312562
2.5953393
2.2314684
2.461303
2.281168
2.354344
2.2153502
2.178368
2.2375388
2.6093366
2.2908585
2.3530366
2.412035
2.4940503
2.3573008
2.4528625
2.4551659
2.3283865
2.4097636
2.228931
2.3788178
2.345722
2.2186987
2.239845
2.5101256
2.596759
2.0290444
2.6045718
2.3060536
2.5463235
2.4164891
2.3655746
2.3153284
2.8336065
2.4852643
2.2814057
2.2718494
2.5533977
2.467935
2.6299834
2.107689
2.5232165
2.4622245
2.132111
2.3133295
2.2274222
2.426458
2.2860713
2.330851
2.526493
2.4496436
2.4364772
2.5180173
2.3142297
2.5447347
2.4513588
2.4305096
2.55089
2.2302582
2.3174393
2.4798121
2.33144
2.5155168
2.3855176
2.214155
2.193005
2.2884517
2.5477352
2.184242
2.4264956
2.4550657
2.4297926
2.225132
2.4478624
2.504045
2.425257
2.248382
2.54855
2.5210652
2.1846967
2.5687852
2.495094
2.451581
2.4004095
2.5347111
2.4028864
2.3328462
2.4101465
2.4383187
2.423972
2.4741282
2.1950748
2.659485
2.3696754
2.4520845
2.4297051
2.514265
2.5077472
2.3115861
2.4500902
2.391787
2.5010705
2.1559136
2.5649471
2.7610002
2.3627536
2.4893627
2.3115048
2.2470906
2.4654546
2.393583
2.4275079
2.3164608
2.3590558
2.4030657
2.5127816
2.3077629
2.574473
2.409142
2.3707669
2.5503705
2.2087653
2.2863793
2.192332
2.3532872
2.5160253
2.46782
2.198628
2.4169152
2.3795576
2.2553134
2.4164417
2.4108162
2.2649882
2.4035294
2.4568474
2.5524414
2.2697964
2.4127896
2.3456059
2.6497836
2.6264226
2.5954645
2.4102998
2.173058
2.17461
2.4526107
2.5191486
2.409677
2.472597
2.3524327
2.3818157
2.5351584
2.5244443
2.4383843
2.2992144
2.3230374
2.4673438
2.4077258
2.5879362
2.4047618
2.4811018
2.2450042
2.4034595
2.3546627
2.5469997
2.2519827
2.289514
2.3576756
2.5873904
2.444695
2.5996072
2.3020442
2.1726894
2.2149806
2.3627217
2.6444788
2.4436467
2.3215637
2.3959053
2.381612
2.1762078
2.465066
2.5937862
2.332362
2.4227548
2.4208677
2.3849516
2.402577
2.322099
2.4480033
2.3945768
2.4343383
2.5038235
2.6361248
2.4535797
2.4109735
2.3874438
2.4972093
2.5466185
2.3492825
2.5644555
2.4980383
2.4463825
2.5063987
2.6295552
2.4360666
2.4259415
2.4816728
2.389577
2.409779
2.2411766
2.4372525
2.3186803
2.4703465
2.2696896
2.4070847
2.2997832
2.4927833
2.1651638
2.3836033
2.5171463
2.11865
2.6319816
2.1921086
2.320251
2.3340397
2.2606208
2.2729297
2.3320644
2.2242744
2.3919773
2.5673676
2.3111408
2.4553843
2.3492246
2.39503
2.388555
2.4431274
2.4210818
2.5489345
2.4032204
2.3335176
2.3883994
2.4127452
2.526709
2.5702064
2.5064569
2.5260417
2.4085433
2.3196433
2.603798
2.4938364
2.3941104
2.5456128
2.2577996
2.5603845
2.4058015
3.4366736
2.2901053
2.510524
2.5153584
2.4392023
2.4898639
2.3001103
2.2758331
2.5055032
2.4347296
2.5307145
2.2253146
2.4954355
2.4220304
2.374266
2.3366525
2.268306
2.3196294
2.2724793
2.3814032
2.3584464
2.268125
2.4205637
2.4083982
2.3380597
2.1585472
2.26876
2.3842456
2.2922595
2.1542587
2.414089
2.3764043
2.274338
2.3437634
2.5315099
2.5284247
2.3890753
2.4067507
2.381824
2.2844996
2.2373166
2.4457462
2.5289326
2.3994727
2.2802916
2.373172
2.3788831
2.2487876
2.5144937
2.5950599
2.3260577
2.501264
2.3731415
2.136799
2.2867875
2.4175603
2.4074924
2.2834637
2.3962817
2.4159322
2.6301272
2.2701907
2.3433309
2.268702
2.4320803
2.1705377
2.2787545
2.4687347
2.1891832
2.4148984
2.3170216
2.4327972
2.3341143
2.2549214
2.4624147
2.3258188
2.5233207
2.580914
2.3594863
2.361501
2.483804
2.3738513
2.5844054
2.4162984
2.343299
2.4391658
2.451484
2.3989437
2.4705276
2.399072
2.371903
2.3358715
2.4018757
2.409715
2.330543
2.3043709
2.3537102
2.4368281
2.46288
2.3570514
2.1993473
2.505574
2.3299167
2.2942653
2.454769
2.5278208
2.475792
2.2811866
2.540971
2.563251
2.3383992
2.4438372
2.3203413
2.2926621
2.4875216
2.248835
2.5586793
2.5904088
2.268364
2.5517704
2.510219
2.4008815
2.5082717
2.3482769
2.6450543
2.5678313
2.6079068
2.291737
2.3274407
2.5079257
2.488057
2.5074105
2.3568168
2.4317381
2.2782671
2.305505
2.3468003
2.4330852
2.2381768
2.5153766
2.2808807
2.1448812
2.2866402
2.3526263
2.3262162
2.3629582
2.3605874
2.480268
2.4249597
2.3972926
2.2370589
2.3546321
2.2885053
2.2950866
2.2121658
2.502055
2.4233193
2.4544806
2.2842815
2.370336
2.4380848
2.404632
2.371857
2.4592059
2.4034538
2.5314918
2.563162
2.3800826
2.5905447
2.350791
2.3918328
2.5474544
2.3712003
2.5408616
2.646769
2.3541007
2.3125496
2.3365502
2.443932
2.430293
2.3862464
2.4836297
2.5123894
2.5313644
2.415306
2.4192295
2.4940236
2.3183236
2.5885746
2.3202052
2.337904
2.4029357
2.2748609
2.2577682
2.408542
2.536082
2.381597
2.3469386
2.2818108
2.691276
2.4908473
2.3081365
2.5185215
2.3197093
2.5569396
2.390006
2.281651
2.4230886
2.5344272
2.3666062
2.4966044
2.476649
2.2110915
2.4881945
2.5613072
2.3146844
2.3484282
2.3908155
2.5358572
2.495695
2.3942971
2.333959
2.5245655
2.414805
2.5150685
2.4164243
2.37711
2.3958344
2.32692
2.4051933
2.6259189
2.4181893
2.3417645
2.1653893
2.3797581
2.4518838
2.4968598
2.2465909
2.3075697
2.562748
2.266926
2.6740756
2.2538464
2.45027
2.4280877
2.378223
2.4797492
2.6060147
2.466072
2.4217675
2.5141168
2.3239467
2.5235815
2.3946488
2.2914758
2.348992
2.2909017
2.407682
2.34776
2.3369935
2.4735274
2.4092011
2.2151504
2.593287
2.5056937
2.5409899
2.3330703
2.3475463
2.5375342
2.4277527
2.4971871
2.5158439
2.4844844
2.2913163
2.642529
2.418614
2.2998729
2.4858336
2.3815868
2.4697967
2.086988
2.3262582
2.3662984
2.1953816
2.3954637
2.3595915
2.657681
2.3515038
2.4661138
2.3202124
2.3937716
2.2967114
2.3268695
2.5684435
2.4330482
2.458944
2.5217931
2.2718487
2.7249076
2.3767788
2.3965774
2.242651
2.245791
2.4521093
2.3067403
2.450119
2.3348522
2.365052
2.1953106
2.5645034
2.395466
2.4794157
2.2707746
2.421945
2.2786467
2.2206273
2.5982451
2.3192086
2.1965744
2.6177511
2.387785
2.3649163
2.3999538
2.3708882
2.450981
2.51736
2.3980846
2.3490784
2.4707303
2.354166
2.3394022
2.246613
2.5725677
2.4766412
2.4020267
2.4807508
2.494904
2.329288
2.5094728
2.072407
2.4499574
2.4755225
2.1861193
2.2296689
2.4982982
2.4060826
2.6426747
2.3227177
2.4287145
2.327865
2.35104
2.234706
2.3324907
2.3343031
2.520452
2.3555336
2.2125156
2.1150336
2.3623626
2.2817059
2.45676
2.3927865
2.3595507
2.4151955
2.4074728
2.472802
2.32161
2.5011795
2.4999523
2.2668424
2.3328576
2.5264692
2.4651783
2.6161575
2.5099795
2.2755532
2.3989596
2.1610448
2.4653316
2.6358666
2.379763
2.4443414
2.4797816
2.2308717
2.333611
2.3262522
2.4294176
2.396854
2.2864282
2.4039514
2.4584203
2.5110998
2.3539956
2.3451686
2.4484859
2.2428994
2.5233307
2.5520594
2.1958976
2.5200772
2.2557647
2.2567363
2.4704359
2.3582354
2.3222718
2.2484388
2.3642628
2.5658746
2.5445163
2.350843
2.3270776
2.6222253
2.4621778
2.3673382
2.2493684
2.3904278
2.3788989
2.3260517
2.4005408
2.5440855
2.2774525
2.3114176
2.2528107
2.420467
2.5616336
2.4978137
2.3343544
2.5080101
2.1988673
2.520657
2.275124
2.2342713
2.7113838
2.2543483
2.2098432
2.398371
2.3754327
2.2734094
2.4201236
2.4451203
2.2780645
2.2620683
2.3098311
2.4623427
2.428999
2.4780073
2.3366582
2.4993706
2.3600097
2.162574
2.2093883
2.550967
2.3901486
2.4483862
2.2527037
2.4633453
2.3028915
2.3728158
2.2471356
2.4741645
2.4693472
2.324672
2.488092
2.4179854
2.333101
2.4420779
2.5265365
2.220922
2.2827885
2.5202167
2.5712986
2.639608
2.1936603
2.3276787
2.4386914
2.7209249
2.533755
2.432042
2.5802622
2.240537
2.4333508
2.4226556
2.4338317
2.3407323
2.6130338
2.3167033
2.5022902
2.649279
2.5500417
2.449805
2.3778338
2.5543044
2.3158393
2.4382777
2.40459
2.2917838
2.5316517
2.5271115
2.3924928
2.2074451
2.285239
2.2737205
2.2340164
2.4214745
2.381556
2.418007
2.482164
2.244566
2.5146239
2.5200562
2.3069384
2.2901258
2.3508074
2.1995232
2.454207
2.2564209
2.4579957
2.5914533
2.270797
2.4208035
2.4267874
2.4632497
2.4131246
2.3324919
2.5275009
2.3411946
2.195562
2.3468845
2.2389553
2.3923135
2.2238998
2.344003
2.3833072
2.4169073
2.3365808
2.443663
2.4747465
2.3047347
2.1595552
2.418281
2.2779825
2.4327297
2.3725579
2.276113
2.323125
2.8030035
2.5196567
2.5688999
2.375082
2.3114107
2.2887743
2.3452792
2.447969
2.335311
2.353516
2.4411063
2.2979856
2.5540314
2.567603
2.4754791
2.4018779
2.3262646
2.5288823
2.4082263
2.540831
2.372523
2.5412135
2.3702543
2.373116
2.501024
2.4001126
2.2287226
2.4339652
2.4176202
2.4911082
2.206074
2.4686546
2.322083
2.446876
2.1691608
2.410868
2.354918
2.577026
2.229502
2.3801622
2.4230149
2.651247
2.430493
2.4436715
2.6282883
2.3409755
2.336885
2.4383888
2.2834911
2.33946
2.4262147
2.5650349
2.3562958
2.522664
2.3781528
2.3437867
2.4043841
2.3961759
2.3592453
2.4055371
2.2837596
2.3955762
2.2855697
2.538196
2.3455548
2.2109349
2.535838
2.272714
2.5522914
2.4042206
2.2521605
2.4029906
2.269608
2.3456192
2.2699316
2.3972964
2.3805244
2.2909873
2.3502882
2.4265628
2.596412
2.3647676
2.373001
3.339789
2.2450116
2.2287793
2.5587351
2.4684806
2.283617
2.3486373
2.2529488
2.4343686
2.7810402
2.3986993
2.2255008
2.278843
2.4390173
2.415061
2.2573264
2.4409463
2.558865
2.580571
2.207616
2.4840944
2.4945107
2.3574402
2.168739
2.2044768
2.3987088
2.2973123
2.6118917
2.2470849
2.4474924
2.3371859
2.3422825
2.2406256
2.476921
2.3610382
2.2364779
2.5815644
2.3608356
2.3350341
2.314103
2.3164382
2.4661703
2.1257517
2.7610981
2.3913383
2.3001454
2.4104142
2.1978836
2.154562
2.318868
2.1435256
2.3855853
2.4577367
2.5310464
2.4865596
2.4036834
2.359834
2.5119116
2.4144392
2.1767063
2.5299752
2.3806882
2.42288
2.483884
2.4986322
2.1925426
2.5131087
2.4381785
2.421682
2.4650142
2.4583788
2.4082696
2.4400108
2.5996065
2.437569
2.4351668
2.2154875
2.5324366
2.5830648
2.2093914
2.6175637
2.464375
2.5377939
2.401025
2.4041612
2.3826597
2.3688667
2.2683175
2.3937807
2.3129017
2.376382
2.287311
2.3109665
2.3947375
2.411568
2.7331119
2.295957
2.1627517
2.3877919
2.4071593
2.3944144
2.4534025
2.3562372
2.442043
2.2445643
2.517633
2.5783353
2.5243342
2.311253
2.608524
2.7617452
2.4089715
2.1469626
2.254993
2.5058367
2.3790982
2.1735632
2.3338773
2.2422967
2.3194792
2.5869381
2.3481765
2.4092758
2.3718867
2.2794337
2.2653341
2.2584598
2.2643194
2.121532
2.140083
2.3780537
2.3089764
2.336603
2.3653743
2.2094312
2.7346263
2.3135314
2.2169878
2.4707084
2.550765
2.377067
2.3132746
2.6823013
2.4081664
2.1245024
2.4883604
2.4971704
2.0777316
2.3964171
2.32964
2.4171045
2.486648
2.4837632
2.4270995
2.4462395
2.4670377
2.4929707
2.5298133
2.4446003
2.3615289
2.2343616
2.4099445
2.5773244
2.6072667
2.2921913
2.5983596
2.5325341
2.526713
2.5462527
2.2636187
2.3764896
2.3423057
2.3760123
2.3646903
2.4838152
2.196835
2.2535777
2.4350867
2.4549975
2.2399056
2.5713603
2.338778
2.3996892
2.568542
2.4714956
2.4173832
2.3814845
2.3426964
2.495023
2.5763583
2.6524673
2.2971954
2.5651085
2.2895005
2.4666073
2.7045782
2.415131
2.345412
2.549642
2.3666348
2.4580579
2.4818234
2.490247
2.4826298
2.3697186
2.458442
2.4021103
2.3504107
2.3075318
2.455605
2.516254
2.3670793
2.594918
2.4242046
2.359877
2.3797154
2.3323967
2.441056
2.4227424
2.5430992
2.2689576
2.4002361
2.6540165
2.5278735
2.5359733
2.4544077
2.2621346
2.4744573
2.3838289
2.388192
2.3789291
2.38248
2.5087976
2.6152399
2.494675
2.4564297
2.478869
2.550572
2.2425814
2.434266
2.5538692
2.5379796
2.5051703
2.5684965
2.3784747
2.3501453
2.346583
2.3556287
2.45028
2.3598428
2.395992
2.651477
2.3527558
2.358406
2.6596315
2.3965812
2.3797824
2.1037252
2.228036
2.334147
2.2793608
2.287621
2.508936
2.515363
2.4734852
2.5724318
2.6897173
2.199545
2.317263
2.4146492
2.243922
2.2646735
2.2983413
2.4153864
2.5074372
2.2579293
2.5606375
2.4237359
2.3071113
2.2534757
2.585364
2.3209074
2.3928201
2.4468865
2.453487
2.5383067
2.2771053
2.2297022
2.3713634
2.3478026
2.443584
2.3633294
2.509325
2.424951
2.4015393
2.4754817
2.3276446
2.3655403
2.5826688
2.3470712
2.3245325
2.2878852
2.334785
2.4616563
2.4910443
2.5645244
2.3993764
2.3156152
2.3408635
2.3596318
2.45216
2.4176602
2.3973053
2.2320347
2.35914
2.3350759
2.2918878
2.4643745
2.5731263
2.3669455
2.4878693
2.5791035
2.3621361
2.565872
2.4468021
2.4257133
2.5091975
2.6533117
2.2292397
2.4288943
2.3736203
2.3465397
2.3944514
2.4796915
2.5154002
2.3579142
2.4014773
2.2583451
2.662189
2.454695
2.6099002
2.4843884
2.4769301
2.3653998
2.3002594
2.6059198
2.416184
2.227346
2.4779136
2.326873
2.3454726
2.3643804
2.4155579
2.2818289
2.356685
2.4090908
2.5446002
2.376001
2.2845125
2.2699287
2.492012
2.592938
2.315433
2.410769
2.4450226
2.2089808
2.410868
2.6058974
2.2221627
2.437912
2.2883563
2.2078893
2.3332517
2.3138874
2.6439126
2.4983165
2.3383656
2.6535258
2.4777322
2.4614654
2.4359422
2.2335515
2.1390557
2.2981064
2.4151978
2.2964942
2.3757823
2.2812123
2.4561198
2.3510802
2.5036416
2.3529716
2.2989736
2.3369117
2.3339088
2.4109755
2.2240877
2.2980986
2.472364
2.3561237
2.29911
2.197268
2.4857986
2.283099
2.3728523
2.4867215
2.3504827
2.4009843
2.4238024
2.400397
2.305072
2.4120934
2.5909626
2.265884
2.2647252
2.4630222
2.3977158
2.3944302
2.2490182
2.4759014
2.434351
2.4500375
2.4725244
2.4104326
2.2788556
2.4954762
2.635724
2.6575236
2.4558856
2.4967532
2.4762456
2.6576285
2.3713865
2.6253822
2.4346278
2.3293273
2.488175
2.4187765
2.3794982
2.5261996
2.4099565
2.2419438
2.3496246
2.2076943
2.2506983
2.3973677
2.459616
2.2644634
2.4441712
2.3321612
2.2935915
2.4334013
2.4059463
2.3788924
2.3558993
2.3573773
2.2969248
2.3716137
2.4596376
2.6853046
2.468322
2.4865735
2.3935845
2.3671877
2.4132092
2.4245427
2.291881
2.3499627
2.459027
2.4191666
2.3395352
2.3581073
2.4081182
2.4581943
2.356952
2.5273516
2.5773237
2.5810642
2.4081826
2.5111284
2.3530002
2.5491223
2.338806
2.3613427
2.3122506
2.3037431
2.4081705
2.5133681
2.6172872
2.2288737
2.4155295
2.398002
2.4519248
2.5271778
2.3919683
2.660089
2.3872619
2.1972418
2.2692337
2.3621826
2.5296874
2.4651325
2.399659
2.4121492
2.3036761
2.1985514
2.4383264
2.3248048
2.4786503
2.605313
2.3199706
2.3569407
2.297547
2.3378844
2.5956953
2.5334768
2.2860065
2.4509997
2.306086
2.3377347
2.63701
2.470536
2.3971865
2.2734835
2.3605978
2.464415
2.1958828
2.4127986
2.4454274
2.5171916
2.3977337
2.3126361
2.2040164
2.460958
2.6130328
2.4833179
2.428617
2.2211099
2.46497
2.5224054
2.5096085
2.2723584
2.2512028
2.582623
2.4661336
2.2466602
2.4412763
2.4698074
2.1779914
2.6996303
2.4040666
2.3728566
2.355875
2.4049296
2.4235997
2.5405462
2.5063357
2.2980053
2.3843696
2.5034194
2.4514241
2.3338125
2.379622
2.4208074
2.5524914
2.2634168
2.3748028
2.4867826
2.4743562
2.4662504
2.2207015
2.3742895
2.6210842
2.455298
2.3085046
2.4788904
2.5030265
2.3028095
2.1985798
2.636537
2.471208
2.2896802
2.3999813
2.2707229
2.3513844
2.3136811
2.3549101
2.3666205
2.5069578
2.339933
2.362177
2.3798046
2.336601
2.6654425
2.4909196
2.5827992
2.3821185
2.417328
2.5288734
2.277747
2.6054902
2.4406617
2.5421534
2.544258
2.4463348
2.3472762
2.550824
2.3818672
2.3552315
2.398173
2.5590482
2.3414207
2.3487139
2.498402
2.1951332
2.4625201
2.38898
2.4611764
2.5566404
2.3407989
2.3096142
2.330303
2.429278
2.2295442
2.450213
2.4734125
2.223592
2.4718647
2.4982586
2.4695725
2.374825
2.4578555
2.2210107
2.320343
2.19425
2.4349976
2.4770572
2.393034
2.2578707
2.2461119
2.4459393
2.38165
2.4544063
2.3607993
2.3046443
2.5141938
2.2691667
2.388951
2.3657303
2.3646195
2.3054214
2.6716611
2.4565067
2.273256
2.818311
2.3595269
2.394021
2.2841344
2.367518
2.5720632
2.43257
2.3566499
2.5840075
2.525683
2.6402466
2.718946
2.3812454
2.2658029
2.5449066
2.3711228
2.4354012
2.4726858
2.410887
2.405993
2.382403
2.2483516
2.4117284
2.3701656
2.386437
2.3771214
2.335981
2.3409762
2.4825692
2.5038095
2.6652474
2.3206189
2.4341938
2.400909
2.5715773
2.355997
2.247646
2.5116916
2.3497226
2.3413453
2.4570098
2.4390798
2.469411
2.5659328
2.4308758
2.303325
2.3551378
2.3613703
2.751018
2.4139676
2.5851915
2.402652
2.2494612
2.4102206
2.5950174
2.5678806
2.5929835
2.3664064
2.3908684
2.281888
2.4914367
2.280545
2.372441
2.4324894
2.4395738
2.4715402
2.4501846
2.381853
2.395309
2.5139613
2.3938134
2.4580643
2.4693525
2.5161786
2.5438647
2.385264
2.5724154
2.270945
2.3087077
2.411837
2.4004772
2.5256207
2.4088447
2.4071097
2.3435066
2.3694654
2.3650525
2.577867
2.2804086
2.2147348
2.3412318
2.2836475
2.3428872
2.3098273
2.3385782
2.2711203
2.2905047
2.2862935
2.3850398
2.2192948
2.3475804
2.3742883
2.2939575
2.291162
2.225508
2.4292874
2.4687896
2.409913
2.168036
2.298779
2.350821
2.2684438
2.4398103
2.4185083
2.5565686
2.4126925
2.3502069
2.53059
2.3989275
2.4723752
2.3291452
2.18414
2.5984519
2.1561487
2.4713168
2.3727424
2.578313
2.4289546
2.3614619
2.3057477
2.27121
2.3398302
2.6095614
2.279841
2.5527377
2.3711627
2.2888079
2.3439202
2.2471662
2.269416
2.2826812
2.4883327
2.366001
2.3996766
2.4492583
2.6661391
2.5129085
2.3749666
2.4160485
2.466865
2.4870524
2.357821
2.5937266
2.3601193
2.1244676
2.2408166
2.4991078
2.5248475
2.4289165
2.434825
2.516973
2.5277486
2.2591004
2.422095
2.5352087
2.4886718
2.3106334
2.3286357
2.3907623
2.2958508
2.330877
2.1831856
2.4922936
2.381435
2.4033318
2.5562868
2.416652
2.4460132
2.3637958
2.4605622
2.4366202
2.2439065
2.411586
2.416085
2.4017227
2.2679687
2.2892509
2.6092756
2.5854793
2.3838227
2.3655725
2.321402
2.4504154
2.280716
2.284948
2.415361
2.2020268
2.5210671
2.7928135
2.431024
2.283708
2.5470395
2.6077912
2.4466462
2.3673053
2.438242
2.3482869
2.4275703
2.3050447
2.341804
2.3723924
2.3756068
2.391207
2.357975
2.4081874
2.3141987
2.3438535
2.443632
2.6235
2.512856
2.4727972
2.4744258
2.2685733
2.3504446
2.4513068
2.3345945
2.349751
2.4264147
2.5593758
2.4841628
2.281438
2.460321
2.3492503
2.5769377
2.451772
2.31457
2.2839236
2.528741
2.5066915
2.2910132
2.5478127
2.311274
2.2360187
2.5837712
2.3804412
2.1929488
2.3395152
2.262181
2.6931703
2.3595624
2.313642
2.573058
2.598554
2.3797522
2.4932613
2.2548032
2.3203578
2.4146218
2.6059463
2.0363863
2.2996497
2.5585217
2.2650821
2.3849883
2.268564
2.523295
2.5463603
2.2429664
2.5579627
2.6007414
2.4362266
2.3089907
2.4655778
2.4090354
2.23529
2.4162052
2.4948812
2.5050151
2.5021698
2.3820682
2.352602
2.2356315
2.4028308
2.4009738
2.26586
2.5398636
2.4967775
2.204577
2.5916338
2.4487412
2.3757987
2.3734221
2.618702
2.3511312
2.5477684
2.3260565
2.36462
2.2566135
2.4139736
2.20202
2.2794156
2.2352304
2.1743155
2.3043487
2.165576
2.4314008
2.3055947
2.4431374
2.4786515
2.435232
2.4386983
2.3189054
2.2847009
2.5087566
2.3248973
2.347034
2.469458
2.2424388
2.303376
2.2944162
2.4643493
2.5306907
2.313293
2.5325444
2.3911757
2.4610837
2.5714467
2.259932
2.544791
2.5854526
2.4805906
2.1941943
2.542663
2.3760524
2.4205136
2.3722496
2.3129861
2.5340688
2.329327
2.267284
